NACA 23012                                      
 Alfa =   8.00000 Re =    40000.000 Xflap,Yflap =     0.000000    0.000000
#    x        y        Cp  
   1.00000  0.00126 -0.11985
   0.99387  0.00225 -0.12260
   0.98311  0.00398 -0.12747
   0.97047  0.00598 -0.13332
   0.95624  0.00821 -0.14015
   0.94091  0.01056 -0.14769
   0.92495  0.01298 -0.15585
   0.90866  0.01541 -0.16448
   0.89220  0.01782 -0.17356
   0.87565  0.02021 -0.18305
   0.85907  0.02257 -0.19296
   0.84246  0.02489 -0.20330
   0.82583  0.02717 -0.21412
   0.80919  0.02942 -0.22542
   0.79255  0.03163 -0.23726
   0.77590  0.03381 -0.24967
   0.75924  0.03595 -0.26270
   0.74258  0.03806 -0.27637
   0.72592  0.04012 -0.29076
   0.70926  0.04215 -0.30592
   0.69260  0.04414 -0.32192
   0.67595  0.04609 -0.33884
   0.65930  0.04801 -0.35676
   0.64265  0.04987 -0.37580
   0.62600  0.05170 -0.39608
   0.60937  0.05348 -0.41775
   0.59274  0.05522 -0.44101
   0.57613  0.05691 -0.46607
   0.55952  0.05855 -0.49322
   0.54293  0.06013 -0.52280
   0.52635  0.06166 -0.55546
   0.50979  0.06314 -0.59219
   0.49325  0.06455 -0.63388
   0.47673  0.06590 -0.68281
   0.46023  0.06719 -0.74390
   0.44375  0.06841 -0.84102
   0.42730  0.06955 -0.83518
   0.41088  0.07062 -0.83663
   0.39449  0.07160 -0.83801
   0.37814  0.07250 -0.83936
   0.36183  0.07331 -0.84068
   0.34556  0.07403 -0.84198
   0.32933  0.07464 -0.84327
   0.31316  0.07515 -0.84457
   0.29705  0.07554 -0.84589
   0.28101  0.07581 -0.84724
   0.26505  0.07596 -0.84865
   0.24918  0.07597 -0.85017
   0.23343  0.07584 -0.85185
   0.21784  0.07556 -0.85380
   0.20249  0.07513 -0.85616
   0.18749  0.07453 -0.85919
   0.17294  0.07372 -0.86342
   0.15887  0.07267 -0.86972
   0.14529  0.07134 -0.87945
   0.13221  0.06971 -0.89467
   0.11963  0.06776 -0.91850
   0.10758  0.06549 -0.95449
   0.09608  0.06291 -1.00350
   0.08518  0.06003 -1.06525
   0.07493  0.05689 -1.13127
   0.06541  0.05355 -1.18982
   0.05667  0.05006 -1.23426
   0.04877  0.04651 -1.26292
   0.04171  0.04298 -1.27668
   0.03548  0.03952 -1.27837
   0.03003  0.03619 -1.26974
   0.02528  0.03300 -1.25327
   0.02116  0.02998 -1.22953
   0.01758  0.02710 -1.19964
   0.01447  0.02437 -1.16348
   0.01177  0.02178 -1.12109
   0.00943  0.01930 -1.07018
   0.00740  0.01692 -1.00990
   0.00566  0.01464 -0.93859
   0.00417  0.01243 -0.85286
   0.00292  0.01029 -0.74969
   0.00191  0.00821 -0.62577
   0.00111  0.00618 -0.47875
   0.00053  0.00421 -0.30519
   0.00016  0.00229 -0.10920
   0.00001  0.00043  0.10053
   0.00006 -0.00138  0.31545
   0.00036 -0.00322  0.53686
   0.00092 -0.00507  0.73548
   0.00179 -0.00687  0.88688
   0.00297 -0.00859  0.97460
   0.00444 -0.01021  0.99999
   0.00620 -0.01172  0.98319
   0.00824 -0.01313  0.94000
   0.01056 -0.01444  0.88708
   0.01318 -0.01567  0.83098
   0.01612 -0.01683  0.77676
   0.01943 -0.01795  0.72652
   0.02320 -0.01903  0.68001
   0.02750 -0.02008  0.63773
   0.03246 -0.02113  0.59927
   0.03827 -0.02220  0.56385
   0.04514 -0.02330  0.53084
   0.05335 -0.02446  0.49952
   0.06318 -0.02570  0.46926
   0.07482 -0.02706  0.43894
   0.08822 -0.02855  0.40804
   0.10305 -0.03014  0.37623
   0.11880 -0.03181  0.34301
   0.13500 -0.03352  0.30896
   0.15130 -0.03520  0.27438
   0.16752 -0.03681  0.23985
   0.18357 -0.03831  0.20649
   0.19944 -0.03966  0.17537
   0.21521 -0.04084  0.14866
   0.23098 -0.04184  0.12614
   0.24681 -0.04270  0.10691
   0.26270 -0.04341  0.09028
   0.27867 -0.04398  0.07570
   0.29471 -0.04444  0.06288
   0.31082 -0.04477  0.05145
   0.32699 -0.04499  0.04116
   0.34322 -0.04511  0.03189
   0.35949 -0.04513  0.02365
   0.37582 -0.04505  0.01609
   0.39219 -0.04489  0.00928
   0.40859 -0.04464  0.00319
   0.42504 -0.04431 -0.00251
   0.44151 -0.04390 -0.00764
   0.45802 -0.04342 -0.01234
   0.47455 -0.04287 -0.01670
   0.49111 -0.04225 -0.02069
   0.50769 -0.04158 -0.02447
   0.52430 -0.04084 -0.02787
   0.54092 -0.04004 -0.03115
   0.55756 -0.03919 -0.03428
   0.57421 -0.03829 -0.03717
   0.59088 -0.03734 -0.03990
   0.60756 -0.03634 -0.04264
   0.62426 -0.03529 -0.04511
   0.64096 -0.03420 -0.04763
   0.65767 -0.03307 -0.04992
   0.67438 -0.03189 -0.05237
   0.69111 -0.03068 -0.05467
   0.70783 -0.02942 -0.05703
   0.72456 -0.02813 -0.05929
   0.74129 -0.02679 -0.06156
   0.75802 -0.02542 -0.06391
   0.77475 -0.02401 -0.06626
   0.79147 -0.02257 -0.06867
   0.80820 -0.02108 -0.07104
   0.82491 -0.01956 -0.07365
   0.84162 -0.01801 -0.07611
   0.85831 -0.01642 -0.07876
   0.87498 -0.01479 -0.08156
   0.89161 -0.01312 -0.08454
   0.90815 -0.01143 -0.08760
   0.92453 -0.00971 -0.09107
   0.94058 -0.00799 -0.09475
   0.95598 -0.00630 -0.09889
   0.97030 -0.00470 -0.10322
   0.98301 -0.00324 -0.10797
   0.99383 -0.00199 -0.11277
   1.00000 -0.00126 -0.11985
