foil
    0.9999940     0.0406572     
    0.9979697     0.0408533     
    0.9959454     0.0410495     
    0.9939212     0.0412457     
    0.9918969     0.0414419     
    0.9898726     0.0416380     
    0.9878483     0.0418342     
    0.9858240     0.0420304     
    0.9837998     0.0422265     
    0.9817755     0.0424227     
    0.9797512     0.0426189     
    0.9777269     0.0428151     
    0.9757026     0.0430112     
    0.9736784     0.0432074     
    0.9716541     0.0434036     
    0.9696298     0.0435998     
    0.9676055     0.0437959     
    0.9655813     0.0439921     
    0.9635570     0.0441883     
    0.9615327     0.0443844     
    0.9595084     0.0445806     
    0.9574841     0.0447768     
    0.9554599     0.0449730     
    0.9534356     0.0451691     
    0.9514113     0.0453653     
    0.9493870     0.0455615     
    0.9473627     0.0457577     
    0.9453385     0.0459538     
    0.9433142     0.0461500     
    0.9412899     0.0463462     
    0.9392656     0.0465423     
    0.9372413     0.0467385     
    0.9352171     0.0469347     
    0.9331928     0.0471309     
    0.9311685     0.0473270     
    0.9291442     0.0475232     
    0.9271199     0.0477194     
    0.9250957     0.0479156     
    0.9230714     0.0481117     
    0.9210471     0.0483079     
    0.9190228     0.0485041     
    0.9169985     0.0487002     
    0.9149743     0.0488964     
    0.9129500     0.0490926     
    0.9109257     0.0492888     
    0.9089014     0.0494849     
    0.9068771     0.0496811     
    0.9048529     0.0498773     
    0.9028286     0.0500735     
    0.9008043     0.0502696     
    0.8987800     0.0504638     
    0.8967558     0.0506589     
    0.8947315     0.0508549     
    0.8927072     0.0510520     
    0.8906829     0.0512505     
    0.8886586     0.0514500     
    0.8866344     0.0516503     
    0.8846101     0.0518346     
    0.8825858     0.0519248     
    0.8805615     0.0520167     
    0.8785372     0.0521108     
    0.8765130     0.0522075     
    0.8744887     0.0523063     
    0.8724644     0.0524070     
    0.8704401     0.0525101     
    0.8684158     0.0526340     
    0.8663916     0.0527996     
    0.8643673     0.0529632     
    0.8623430     0.0531274     
    0.8603187     0.0532920     
    0.8582944     0.0534561     
    0.8562702     0.0536190     
    0.8542459     0.0537822     
    0.8522216     0.0539560     
    0.8501973     0.0541479     
    0.8481730     0.0543362     
    0.8461488     0.0545259     
    0.8441245     0.0547163     
    0.8421002     0.0549066     
    0.8400759     0.0550950     
    0.8380517     0.0552841     
    0.8360274     0.0554585     
    0.8340031     0.0555996     
    0.8319788     0.0557535     
    0.8299545     0.0559067     
    0.8279303     0.0560604     
    0.8259060     0.0562148     
    0.8238817     0.0563681     
    0.8218574     0.0565219     
    0.8198331     0.0566768     
    0.8178089     0.0568329     
    0.8157846     0.0569887     
    0.8137603     0.0571458     
    0.8117360     0.0573036     
    0.8097117     0.0574620     
    0.8076875     0.0576178     
    0.8056632     0.0577729     
    0.8036389     0.0579330     
    0.8016146     0.0581189     
    0.7995903     0.0583023     
    0.7975661     0.0584814     
    0.7955418     0.0586626     
    0.7935175     0.0588444     
    0.7914932     0.0590244     
    0.7894689     0.0592031     
    0.7874447     0.0593808     
    0.7854204     0.0595321     
    0.7833961     0.0596839     
    0.7813718     0.0598462     
    0.7793476     0.0600077     
    0.7773233     0.0601695     
    0.7752990     0.0603310     
    0.7732747     0.0604910     
    0.7712504     0.0606514     
    0.7692262     0.0608213     
    0.7672019     0.0609917     
    0.7651776     0.0611596     
    0.7631533     0.0613264     
    0.7611290     0.0614945     
    0.7591048     0.0616627     
    0.7570805     0.0618267     
    0.7550562     0.0619908     
    0.7530319     0.0621567     
    0.7510076     0.0623234     
    0.7489834     0.0624907     
    0.7469591     0.0626592     
    0.7449348     0.0628287     
    0.7429105     0.0629984     
    0.7408862     0.0631652     
    0.7388620     0.0633316     
    0.7368377     0.0634994     
    0.7348134     0.0636685     
    0.7327891     0.0638381     
    0.7307648     0.0640082     
    0.7287406     0.0641783     
    0.7267163     0.0643486     
    0.7246920     0.0645168     
    0.7226677     0.0646833     
    0.7206434     0.0648467     
    0.7186192     0.0649984     
    0.7165949     0.0651505     
    0.7145706     0.0653049     
    0.7125463     0.0654628     
    0.7105221     0.0656205     
    0.7084978     0.0657771     
    0.7064735     0.0659311     
    0.7044492     0.0660896     
    0.7024249     0.0662689     
    0.7004007     0.0664483     
    0.6983764     0.0666278     
    0.6963521     0.0667945     
    0.6943278     0.0669645     
    0.6923035     0.0671348     
    0.6902793     0.0673006     
    0.6882550     0.0674605     
    0.6862307     0.0676085     
    0.6842064     0.0677569     
    0.6821821     0.0679056     
    0.6801579     0.0680670     
    0.6781336     0.0682310     
    0.6761093     0.0683925     
    0.6740850     0.0685509     
    0.6720607     0.0687099     
    0.6700365     0.0688696     
    0.6680122     0.0690296     
    0.6659879     0.0691897     
    0.6639636     0.0693442     
    0.6619393     0.0694917     
    0.6599151     0.0696440     
    0.6578908     0.0697922     
    0.6558665     0.0699455     
    0.6538422     0.0701030     
    0.6518180     0.0702611     
    0.6497937     0.0704192     
    0.6477694     0.0705783     
    0.6457451     0.0707421     
    0.6437208     0.0709044     
    0.6416966     0.0710644     
    0.6396723     0.0712162     
    0.6376480     0.0713634     
    0.6356237     0.0715109     
    0.6335994     0.0716586     
    0.6315752     0.0718065     
    0.6295509     0.0719557     
    0.6275266     0.0721054     
    0.6255023     0.0722536     
    0.6234780     0.0723996     
    0.6214538     0.0725484     
    0.6194295     0.0726975     
    0.6174052     0.0728466     
    0.6153809     0.0729961     
    0.6133566     0.0731438     
    0.6113324     0.0732900     
    0.6093081     0.0734374     
    0.6072838     0.0735795     
    0.6052595     0.0737226     
    0.6032352     0.0738659     
    0.6012110     0.0740093     
    0.5991867     0.0741530     
    0.5971624     0.0742975     
    0.5951381     0.0744441     
    0.5931139     0.0745903     
    0.5910896     0.0747315     
    0.5890653     0.0748690     
    0.5870410     0.0750063     
    0.5850167     0.0751439     
    0.5829925     0.0752817     
    0.5809682     0.0754196     
    0.5789439     0.0755573     
    0.5769196     0.0756954     
    0.5748953     0.0758300     
    0.5728711     0.0759643     
    0.5708468     0.0761000     
    0.5688225     0.0762359     
    0.5667982     0.0763720     
    0.5647739     0.0765081     
    0.5627497     0.0766428     
    0.5607254     0.0767761     
    0.5587011     0.0769078     
    0.5566768     0.0770354     
    0.5546525     0.0771625     
    0.5526283     0.0772896     
    0.5506040     0.0774170     
    0.5485797     0.0775445     
    0.5465554     0.0776733     
    0.5445311     0.0778068     
    0.5425069     0.0779375     
    0.5404826     0.0780623     
    0.5384583     0.0781850     
    0.5364340     0.0783081     
    0.5344097     0.0784313     
    0.5323855     0.0785546     
    0.5303612     0.0786781     
    0.5283369     0.0787970     
    0.5263126     0.0789164     
    0.5242884     0.0790302     
    0.5222641     0.0791478     
    0.5202398     0.0792658     
    0.5182155     0.0793839     
    0.5161912     0.0795023     
    0.5141670     0.0796207     
    0.5121427     0.0797402     
    0.5101184     0.0798603     
    0.5080941     0.0799738     
    0.5060698     0.0800833     
    0.5040456     0.0801925     
    0.5020213     0.0803018     
    0.4999970     0.0804112     
    0.4979727     0.0805208     
    0.4959484     0.0806310     
    0.4939242     0.0807419     
    0.4918999     0.0808474     
    0.4898756     0.0809511     
    0.4878513     0.0810555     
    0.4858270     0.0811602     
    0.4838028     0.0812649     
    0.4817785     0.0813698     
    0.4797542     0.0814747     
    0.4777299     0.0815774     
    0.4757056     0.0816766     
    0.4736814     0.0817722     
    0.4716571     0.0818677     
    0.4696328     0.0819635     
    0.4676085     0.0820594     
    0.4655843     0.0821552     
    0.4635600     0.0822514     
    0.4615357     0.0823496     
    0.4595114     0.0824449     
    0.4574871     0.0825340     
    0.4554629     0.0826228     
    0.4534386     0.0827116     
    0.4514143     0.0828006     
    0.4493900     0.0828897     
    0.4473657     0.0829791     
    0.4453415     0.0830669     
    0.4433172     0.0831524     
    0.4412929     0.0832316     
    0.4392686     0.0833109     
    0.4372443     0.0833905     
    0.4352201     0.0834701     
    0.4331958     0.0835499     
    0.4311715     0.0836298     
    0.4291472     0.0837109     
    0.4271229     0.0837923     
    0.4250987     0.0838643     
    0.4230744     0.0839363     
    0.4210501     0.0840082     
    0.4190258     0.0840801     
    0.4170015     0.0841523     
    0.4149773     0.0842247     
    0.4129530     0.0842956     
    0.4109287     0.0843647     
    0.4089044     0.0844257     
    0.4068801     0.0844863     
    0.4048559     0.0845471     
    0.4028316     0.0846079     
    0.4008073     0.0846688     
    0.3987830     0.0847300     
    0.3967588     0.0847928     
    0.3947345     0.0848572     
    0.3927102     0.0849108     
    0.3906859     0.0849629     
    0.3886616     0.0850147     
    0.3866374     0.0850669     
    0.3846131     0.0851190     
    0.3825888     0.0851714     
    0.3805645     0.0852224     
    0.3785402     0.0852720     
    0.3765160     0.0853140     
    0.3744917     0.0853541     
    0.3724674     0.0853945     
    0.3704431     0.0854350     
    0.3684188     0.0854757     
    0.3663946     0.0855164     
    0.3643703     0.0855576     
    0.3623460     0.0855996     
    0.3603217     0.0856322     
    0.3582974     0.0856615     
    0.3562732     0.0856902     
    0.3542489     0.0857191     
    0.3522246     0.0857481     
    0.3502003     0.0857772     
    0.3481760     0.0858063     
    0.3461518     0.0858353     
    0.3441275     0.0858550     
    0.3421032     0.0858713     
    0.3400789     0.0858880     
    0.3380547     0.0859045     
    0.3360304     0.0859213     
    0.3340061     0.0859382     
    0.3319818     0.0859552     
    0.3299575     0.0859717     
    0.3279333     0.0859792     
    0.3259090     0.0859825     
    0.3238847     0.0859853     
    0.3218604     0.0859884     
    0.3198361     0.0859915     
    0.3178119     0.0859946     
    0.3157876     0.0859980     
    0.3137633     0.0860014     
    0.3117390     0.0859944     
    0.3097147     0.0859830     
    0.3076905     0.0859717     
    0.3056662     0.0859606     
    0.3036419     0.0859495     
    0.3016176     0.0859385     
    0.2995933     0.0859275     
    0.2975691     0.0859161     
    0.2955448     0.0858932     
    0.2935205     0.0858664     
    0.2914962     0.0858392     
    0.2894719     0.0858121     
    0.2874477     0.0857850     
    0.2854234     0.0857582     
    0.2833991     0.0857315     
    0.2813748     0.0857047     
    0.2793506     0.0856640     
    0.2773263     0.0856205     
    0.2753020     0.0855770     
    0.2732777     0.0855335     
    0.2712534     0.0854900     
    0.2692292     0.0854467     
    0.2672049     0.0854024     
    0.2651806     0.0853581     
    0.2631563     0.0852975     
    0.2611320     0.0852352     
    0.2591078     0.0851728     
    0.2570835     0.0851102     
    0.2550592     0.0850479     
    0.2530349     0.0849856     
    0.2510106     0.0849234     
    0.2489864     0.0848584     
    0.2469621     0.0847761     
    0.2449378     0.0846936     
    0.2429135     0.0846109     
    0.2408892     0.0845286     
    0.2388650     0.0844462     
    0.2368407     0.0843632     
    0.2348164     0.0842797     
    0.2327921     0.0841893     
    0.2307678     0.0840848     
    0.2287436     0.0839801     
    0.2267193     0.0838755     
    0.2246950     0.0837709     
    0.2226707     0.0836664     
    0.2206464     0.0835614     
    0.2186222     0.0834548     
    0.2165979     0.0833343     
    0.2145736     0.0832031     
    0.2125493     0.0830718     
    0.2105251     0.0829406     
    0.2085008     0.0828095     
    0.2064765     0.0826773     
    0.2044522     0.0825445     
    0.2024279     0.0824109     
    0.2004037     0.0822517     
    0.1983794     0.0820929     
    0.1963551     0.0819342     
    0.1943308     0.0817756     
    0.1923065     0.0816168     
    0.1902823     0.0814570     
    0.1882580     0.0812970     
    0.1862337     0.0811165     
    0.1842094     0.0809236     
    0.1821851     0.0807310     
    0.1801609     0.0805383     
    0.1781366     0.0803453     
    0.1761123     0.0801524     
    0.1740880     0.0799593     
    0.1720637     0.0797496     
    0.1700395     0.0795180     
    0.1680152     0.0792861     
    0.1659909     0.0790546     
    0.1639666     0.0788233     
    0.1619423     0.0785926     
    0.1599181     0.0783618     
    0.1578938     0.0781103     
    0.1558695     0.0778351     
    0.1538452     0.0775595     
    0.1518210     0.0772844     
    0.1497967     0.0770104     
    0.1477724     0.0767362     
    0.1457481     0.0764616     
    0.1437238     0.0761461     
    0.1416996     0.0758184     
    0.1396753     0.0754921     
    0.1376510     0.0751670     
    0.1356267     0.0748414     
    0.1336024     0.0745187     
    0.1315782     0.0741775     
    0.1295539     0.0737948     
    0.1275296     0.0734101     
    0.1255053     0.0730252     
    0.1234810     0.0726399     
    0.1214568     0.0722553     
    0.1194325     0.0718634     
    0.1174082     0.0714190     
    0.1153839     0.0709750     
    0.1133596     0.0705299     
    0.1113354     0.0700842     
    0.1093111     0.0696379     
    0.1072868     0.0691792     
    0.1052625     0.0686667     
    0.1032382     0.0681527     
    0.1012140     0.0676382     
    0.0991897     0.0671233     
    0.0971654     0.0666093     
    0.0951411     0.0660611     
    0.0931169     0.0654701     
    0.0910926     0.0648785     
    0.0890683     0.0642854     
    0.0870440     0.0636931     
    0.0850197     0.0630928     
    0.0829955     0.0624143     
    0.0809712     0.0617327     
    0.0789469     0.0610514     
    0.0769226     0.0603691     
    0.0748983     0.0596844     
    0.0728741     0.0589242     
    0.0708498     0.0581622     
    0.0688255     0.0573978     
    0.0668012     0.0566304     
    0.0647769     0.0558309     
    0.0627527     0.0549727     
    0.0607284     0.0541117     
    0.0587041     0.0532450     
    0.0566798     0.0523789     
    0.0546555     0.0514223     
    0.0526313     0.0504620     
    0.0506070     0.0495036     
    0.0485827     0.0485304     
    0.0465584     0.0474601     
    0.0445341     0.0463871     
    0.0425099     0.0453150     
    0.0404856     0.0441734     
    0.0384613     0.0429894     
    0.0364370     0.0418060     
    0.0344127     0.0405572     
    0.0323885     0.0392533     
    0.0303642     0.0379460     
    0.0283399     0.0365381     
    0.0263156     0.0351108     
    0.0242914     0.0336128     
    0.0222671     0.0320498     
    0.0202428     0.0304142     
    0.0182185     0.0287051     
    0.0161942     0.0268816     
    0.0141700     0.0249615     
    0.0121457     0.0229018     
    0.0101214     0.0206756     
    0.0080971     0.0182392     
    0.0060728     0.0155221     
    0.0040486     0.0123945     
    0.0020243     0.0084486     
    0.0000000     0.0004330     
    0.0020243     -0.0072046    
    0.0040486     -0.0100675    
    0.0060728     -0.0121205    
    0.0080971     -0.0137727    
    0.0101214     -0.0151676    
    0.0121457     -0.0163873    
    0.0141700     -0.0174658    
    0.0161942     -0.0184419    
    0.0182185     -0.0193316    
    0.0202428     -0.0201681    
    0.0222671     -0.0209289    
    0.0242914     -0.0216448    
    0.0263156     -0.0223209    
    0.0283399     -0.0229626    
    0.0303642     -0.0235555    
    0.0323885     -0.0241472    
    0.0344127     -0.0246815    
    0.0364370     -0.0252102    
    0.0384613     -0.0257336    
    0.0404856     -0.0262081    
    0.0425099     -0.0266784    
    0.0445341     -0.0271488    
    0.0465584     -0.0275875    
    0.0485827     -0.0280050    
    0.0506070     -0.0284220    
    0.0526313     -0.0288389    
    0.0546555     -0.0292334    
    0.0566798     -0.0296091    
    0.0587041     -0.0299824    
    0.0607284     -0.0303557    
    0.0627527     -0.0307290    
    0.0647769     -0.0310796    
    0.0668012     -0.0314166    
    0.0688255     -0.0317529    
    0.0708498     -0.0320890    
    0.0728741     -0.0324250    
    0.0748983     -0.0327602    
    0.0769226     -0.0330744    
    0.0789469     -0.0333820    
    0.0809712     -0.0336895    
    0.0829955     -0.0339968    
    0.0850197     -0.0343037    
    0.0870440     -0.0346104    
    0.0890683     -0.0349090    
    0.0910926     -0.0351935    
    0.0931169     -0.0354766    
    0.0951411     -0.0357594    
    0.0971654     -0.0360418    
    0.0991897     -0.0363240    
    0.1012140     -0.0366057    
    0.1032382     -0.0368854    
    0.1052625     -0.0371527    
    0.1072868     -0.0374172    
    0.1093111     -0.0376813    
    0.1113354     -0.0379452    
    0.1133596     -0.0382088    
    0.1153839     -0.0384720    
    0.1174082     -0.0387345    
    0.1194325     -0.0389927    
    0.1214568     -0.0392411    
    0.1234810     -0.0394895    
    0.1255053     -0.0397372    
    0.1275296     -0.0399851    
    0.1295539     -0.0402325    
    0.1315782     -0.0404796    
    0.1336024     -0.0407260    
    0.1356267     -0.0409686    
    0.1376510     -0.0412026    
    0.1396753     -0.0414361    
    0.1416996     -0.0416696    
    0.1437238     -0.0419028    
    0.1457481     -0.0421358    
    0.1477724     -0.0423687    
    0.1497967     -0.0426009    
    0.1518210     -0.0428298    
    0.1538452     -0.0430492    
    0.1558695     -0.0432685    
    0.1578938     -0.0434876    
    0.1599181     -0.0437066    
    0.1619423     -0.0439253    
    0.1639666     -0.0441441    
    0.1659909     -0.0443625    
    0.1680152     -0.0445773    
    0.1700395     -0.0447821    
    0.1720637     -0.0449869    
    0.1740880     -0.0451914    
    0.1761123     -0.0453959    
    0.1781366     -0.0456004    
    0.1801609     -0.0458046    
    0.1821851     -0.0460086    
    0.1842094     -0.0462077    
    0.1862337     -0.0463974    
    0.1882580     -0.0465867    
    0.1902823     -0.0467761    
    0.1923065     -0.0469653    
    0.1943308     -0.0471543    
    0.1963551     -0.0473434    
    0.1983794     -0.0475326    
    0.2004037     -0.0477143    
    0.2024279     -0.0478882    
    0.2044522     -0.0480619    
    0.2064765     -0.0482355    
    0.2085008     -0.0484089    
    0.2105251     -0.0485821    
    0.2125493     -0.0487553    
    0.2145736     -0.0489285    
    0.2165979     -0.0490904    
    0.2186222     -0.0492481    
    0.2206464     -0.0494057    
    0.2226707     -0.0495629    
    0.2246950     -0.0497200    
    0.2267193     -0.0498770    
    0.2287436     -0.0500339    
    0.2307678     -0.0501915    
    0.2327921     -0.0503349    
    0.2348164     -0.0504769    
    0.2368407     -0.0506185    
    0.2388650     -0.0507602    
    0.2408892     -0.0509017    
    0.2429135     -0.0510429    
    0.2449378     -0.0511840    
    0.2469621     -0.0513240    
    0.2489864     -0.0514499    
    0.2510106     -0.0515756    
    0.2530349     -0.0517013    
    0.2550592     -0.0518266    
    0.2570835     -0.0519520    
    0.2591078     -0.0520772    
    0.2611320     -0.0522021    
    0.2631563     -0.0523248    
    0.2651806     -0.0524355    
    0.2672049     -0.0525461    
    0.2692292     -0.0526566    
    0.2712534     -0.0527669    
    0.2732777     -0.0528771    
    0.2753020     -0.0529872    
    0.2773263     -0.0530972    
    0.2793506     -0.0532025    
    0.2813748     -0.0532983    
    0.2833991     -0.0533940    
    0.2854234     -0.0534896    
    0.2874477     -0.0535850    
    0.2894719     -0.0536804    
    0.2914962     -0.0537757    
    0.2935205     -0.0538708    
    0.2955448     -0.0539613    
    0.2975691     -0.0540435    
    0.2995933     -0.0541256    
    0.3016176     -0.0542074    
    0.3036419     -0.0542893    
    0.3056662     -0.0543711    
    0.3076905     -0.0544527    
    0.3097147     -0.0545343    
    0.3117390     -0.0546099    
    0.3137633     -0.0546786    
    0.3157876     -0.0547474    
    0.3178119     -0.0548160    
    0.3198361     -0.0548845    
    0.3218604     -0.0549529    
    0.3238847     -0.0550213    
    0.3259090     -0.0550895    
    0.3279333     -0.0551525    
    0.3299575     -0.0552087    
    0.3319818     -0.0552649    
    0.3340061     -0.0553211    
    0.3360304     -0.0553772    
    0.3380547     -0.0554331    
    0.3400789     -0.0554890    
    0.3421032     -0.0555448    
    0.3441275     -0.0555957    
    0.3461518     -0.0556404    
    0.3481760     -0.0556851    
    0.3502003     -0.0557296    
    0.3522246     -0.0557742    
    0.3542489     -0.0558185    
    0.3562732     -0.0558630    
    0.3582974     -0.0559073    
    0.3603217     -0.0559469    
    0.3623460     -0.0559799    
    0.3643703     -0.0560129    
    0.3663946     -0.0560457    
    0.3684188     -0.0560788    
    0.3704431     -0.0561117    
    0.3724674     -0.0561445    
    0.3744917     -0.0561774    
    0.3765160     -0.0562068    
    0.3785402     -0.0562300    
    0.3805645     -0.0562529    
    0.3825888     -0.0562760    
    0.3846131     -0.0562990    
    0.3866374     -0.0563220    
    0.3886616     -0.0563450    
    0.3906859     -0.0563679    
    0.3927102     -0.0563880    
    0.3947345     -0.0564007    
    0.3967588     -0.0564133    
    0.3987830     -0.0564260    
    0.4008073     -0.0564386    
    0.4028316     -0.0564513    
    0.4048559     -0.0564639    
    0.4068801     -0.0564763    
    0.4089044     -0.0564874    
    0.4109287     -0.0564907    
    0.4129530     -0.0564939    
    0.4149773     -0.0564973    
    0.4170015     -0.0565006    
    0.4190258     -0.0565040    
    0.4210501     -0.0565072    
    0.4230744     -0.0565105    
    0.4250987     -0.0565136    
    0.4271229     -0.0565082    
    0.4291472     -0.0565034    
    0.4311715     -0.0564984    
    0.4331958     -0.0564934    
    0.4352201     -0.0564886    
    0.4372443     -0.0564837    
    0.4392686     -0.0564787    
    0.4412929     -0.0564738    
    0.4433172     -0.0564608    
    0.4453415     -0.0564461    
    0.4473657     -0.0564314    
    0.4493900     -0.0564168    
    0.4514143     -0.0564020    
    0.4534386     -0.0563874    
    0.4554629     -0.0563726    
    0.4574871     -0.0563577    
    0.4595114     -0.0563372    
    0.4615357     -0.0563167    
    0.4635600     -0.0562960    
    0.4655843     -0.0562753    
    0.4676085     -0.0562547    
    0.4696328     -0.0562340    
    0.4716571     -0.0562135    
    0.4736814     -0.0561929    
    0.4757056     -0.0561677    
    0.4777299     -0.0561378    
    0.4797542     -0.0561073    
    0.4817785     -0.0560766    
    0.4838028     -0.0560461    
    0.4858270     -0.0560154    
    0.4878513     -0.0559850    
    0.4898756     -0.0559544    
    0.4918999     -0.0559209    
    0.4939242     -0.0558845    
    0.4959484     -0.0558498    
    0.4979727     -0.0558153    
    0.4999970     -0.0557809    
    0.5020213     -0.0557464    
    0.5040456     -0.0557121    
    0.5060698     -0.0556777    
    0.5080941     -0.0556420    
    0.5101184     -0.0556007    
    0.5121427     -0.0555548    
    0.5141670     -0.0555089    
    0.5161912     -0.0554630    
    0.5182155     -0.0554172    
    0.5202398     -0.0553714    
    0.5222641     -0.0553256    
    0.5242884     -0.0552799    
    0.5263126     -0.0552279    
    0.5283369     -0.0551792    
    0.5303612     -0.0551331    
    0.5323855     -0.0550873    
    0.5344097     -0.0550413    
    0.5364340     -0.0549955    
    0.5384583     -0.0549497    
    0.5404826     -0.0549040    
    0.5425069     -0.0548533    
    0.5445311     -0.0547991    
    0.5465554     -0.0547403    
    0.5485797     -0.0546816    
    0.5506040     -0.0546229    
    0.5526283     -0.0545642    
    0.5546525     -0.0545055    
    0.5566768     -0.0544469    
    0.5587011     -0.0543847    
    0.5607254     -0.0543199    
    0.5627497     -0.0542618    
    0.5647739     -0.0542037    
    0.5667982     -0.0541457    
    0.5688225     -0.0540879    
    0.5708468     -0.0540300    
    0.5728711     -0.0539724    
    0.5748953     -0.0539126    
    0.5769196     -0.0538490    
    0.5789439     -0.0537822    
    0.5809682     -0.0537130    
    0.5829925     -0.0536440    
    0.5850167     -0.0535751    
    0.5870410     -0.0535061    
    0.5890653     -0.0534371    
    0.5910896     -0.0533676    
    0.5931139     -0.0532931    
    0.5951381     -0.0532201    
    0.5971624     -0.0531518    
    0.5991867     -0.0530837    
    0.6012110     -0.0530157    
    0.6032352     -0.0529476    
    0.6052595     -0.0528798    
    0.6072838     -0.0528119    
    0.6093081     -0.0527397    
    0.6113324     -0.0526671    
    0.6133566     -0.0525885    
    0.6153809     -0.0525095    
    0.6174052     -0.0524304    
    0.6194295     -0.0523514    
    0.6214538     -0.0522725    
    0.6234780     -0.0521936    
    0.6255023     -0.0521113    
    0.6275266     -0.0520273    
    0.6295509     -0.0519455    
    0.6315752     -0.0518671    
    0.6335994     -0.0517888    
    0.6356237     -0.0517107    
    0.6376480     -0.0516325    
    0.6396723     -0.0515546    
    0.6416966     -0.0514750    
    0.6437208     -0.0513923    
    0.6457451     -0.0513098    
    0.6477694     -0.0512248    
    0.6497937     -0.0511400    
    0.6518180     -0.0510551    
    0.6538422     -0.0509704    
    0.6558665     -0.0508857    
    0.6578908     -0.0508005    
    0.6599151     -0.0507112    
    0.6619393     -0.0506221    
    0.6639636     -0.0505332    
    0.6659879     -0.0504442    
    0.6680122     -0.0503552    
    0.6700365     -0.0502664    
    0.6720607     -0.0501776    
    0.6740850     -0.0500890    
    0.6761093     -0.0499960    
    0.6781336     -0.0499026    
    0.6801579     -0.0498097    
    0.6821821     -0.0497192    
    0.6842064     -0.0496289    
    0.6862307     -0.0495387    
    0.6882550     -0.0494487    
    0.6902793     -0.0493586    
    0.6923035     -0.0492662    
    0.6943278     -0.0491721    
    0.6963521     -0.0490783    
    0.6983764     -0.0489832    
    0.7004007     -0.0488875    
    0.7024249     -0.0487918    
    0.7044492     -0.0486964    
    0.7064735     -0.0486009    
    0.7084978     -0.0485042    
    0.7105221     -0.0484045    
    0.7125463     -0.0483051    
    0.7145706     -0.0482066    
    0.7165949     -0.0481102    
    0.7186192     -0.0480139    
    0.7206434     -0.0479179    
    0.7226677     -0.0478220    
    0.7246920     -0.0477259    
    0.7267163     -0.0476262    
    0.7287406     -0.0475265    
    0.7307648     -0.0474279    
    0.7327891     -0.0473254    
    0.7348134     -0.0472220    
    0.7368377     -0.0471188    
    0.7388620     -0.0470157    
    0.7408862     -0.0469126    
    0.7429105     -0.0468057    
    0.7449348     -0.0466977    
    0.7469591     -0.0465908    
    0.7489834     -0.0464877    
    0.7510076     -0.0463925    
    0.7530319     -0.0462974    
    0.7550562     -0.0462026    
    0.7570805     -0.0461081    
    0.7591048     -0.0460121    
    0.7611290     -0.0459149    
    0.7631533     -0.0458180    
    0.7651776     -0.0457221    
    0.7672019     -0.0456108    
    0.7692262     -0.0454998    
    0.7712504     -0.0453887    
    0.7732747     -0.0452779    
    0.7752990     -0.0451660    
    0.7773233     -0.0450511    
    0.7793476     -0.0449363    
    0.7813718     -0.0448218    
    0.7833961     -0.0447161    
    0.7854204     -0.0446152    
    0.7874447     -0.0445144    
    0.7894689     -0.0444139    
    0.7914932     -0.0443135    
    0.7935175     -0.0442095    
    0.7955418     -0.0441059    
    0.7975661     -0.0440024    
    0.7995903     -0.0438996    
    0.8016146     -0.0437963    
    0.8036389     -0.0436933    
    0.8056632     -0.0435904    
    0.8076875     -0.0434878    
    0.8097117     -0.0433831    
    0.8117360     -0.0432778    
    0.8137603     -0.0431727    
    0.8157846     -0.0430692    
    0.8178089     -0.0429608    
    0.8198331     -0.0428521    
    0.8218574     -0.0427435    
    0.8238817     -0.0426353    
    0.8259060     -0.0425254    
    0.8279303     -0.0424138    
    0.8299545     -0.0423024    
    0.8319788     -0.0421913    
    0.8340031     -0.0420813    
    0.8360274     -0.0419717    
    0.8380517     -0.0418623    
    0.8400759     -0.0417534    
    0.8421002     -0.0416439    
    0.8441245     -0.0415326    
    0.8461488     -0.0414216    
    0.8481730     -0.0413109    
    0.8501973     -0.0412025    
    0.8522216     -0.0411114    
    0.8542459     -0.0410210    
    0.8562702     -0.0409309    
    0.8582944     -0.0408414    
    0.8603187     -0.0407494    
    0.8623430     -0.0406578    
    0.8643673     -0.0405669    
    0.8663916     -0.0404764    
    0.8684158     -0.0403552    
    0.8704401     -0.0402297    
    0.8724644     -0.0401047    
    0.8744887     -0.0399800    
    0.8765130     -0.0398548    
    0.8785372     -0.0397299    
    0.8805615     -0.0396054    
    0.8825858     -0.0394812    
    0.8846101     -0.0393758    
    0.8866344     -0.0392802    
    0.8886586     -0.0391850    
    0.8906829     -0.0390903    
    0.8927072     -0.0389948    
    0.8947315     -0.0388984    
    0.8967558     -0.0388028    
    0.8987800     -0.0387078    
    0.9008043     -0.0386112    
    0.9028286     -0.0385153    
    0.9048529     -0.0384195    
    0.9068771     -0.0383237    
    0.9089014     -0.0382278    
    0.9109257     -0.0381320    
    0.9129500     -0.0380362    
    0.9149743     -0.0379404    
    0.9169985     -0.0378445    
    0.9190228     -0.0377487    
    0.9210471     -0.0376529    
    0.9230714     -0.0375570    
    0.9250957     -0.0374612    
    0.9271199     -0.0373654    
    0.9291442     -0.0372695    
    0.9311685     -0.0371737    
    0.9331928     -0.0370779    
    0.9352171     -0.0369820    
    0.9372413     -0.0368862    
    0.9392656     -0.0367904    
    0.9412899     -0.0366945    
    0.9433142     -0.0365987    
    0.9453385     -0.0365029    
    0.9473627     -0.0364070    
    0.9493870     -0.0363112    
    0.9514113     -0.0362154    
    0.9534356     -0.0361195    
    0.9554599     -0.0360237    
    0.9574841     -0.0359279    
    0.9595084     -0.0358320    
    0.9615327     -0.0357362    
    0.9635570     -0.0356404    
    0.9655813     -0.0355445    
    0.9676055     -0.0354487    
    0.9696298     -0.0353529    
    0.9716541     -0.0352570    
    0.9736784     -0.0351612    
    0.9757026     -0.0350654    
    0.9777269     -0.0349695    
    0.9797512     -0.0348737    
    0.9817755     -0.0347779    
    0.9837998     -0.0346820    
    0.9858240     -0.0345862    
    0.9878483     -0.0344904    
    0.9898726     -0.0343945    
    0.9918969     -0.0342987    
    0.9939212     -0.0342029    
    0.9959454     -0.0341071    
    0.9979697     -0.0340112    
    0.9999940     -0.0339154    
