NACA 23012                                      
 Alfa =   2.00000 Re =    40000.000 Xflap,Yflap =     0.000000    0.000000
#    x        y        Cp  
   1.00000  0.00126  0.08227
   0.99387  0.00225  0.07652
   0.98311  0.00398  0.06519
   0.97047  0.00598  0.05283
   0.95624  0.00821  0.03923
   0.94091  0.01056  0.02482
   0.92495  0.01298  0.00985
   0.90866  0.01541 -0.00562
   0.89220  0.01782 -0.02184
   0.87565  0.02021 -0.03921
   0.85907  0.02257 -0.05831
   0.84246  0.02489 -0.07992
   0.82583  0.02717 -0.10495
   0.80919  0.02942 -0.13455
   0.79255  0.03163 -0.17001
   0.77590  0.03381 -0.21284
   0.75924  0.03595 -0.26595
   0.74258  0.03806 -0.32136
   0.72592  0.04012 -0.37888
   0.70926  0.04215 -0.42541
   0.69260  0.04414 -0.42946
   0.67595  0.04609 -0.43332
   0.65930  0.04801 -0.43708
   0.64265  0.04987 -0.44080
   0.62600  0.05170 -0.44452
   0.60937  0.05348 -0.44828
   0.59274  0.05522 -0.45210
   0.57613  0.05691 -0.45603
   0.55952  0.05855 -0.46011
   0.54293  0.06013 -0.46436
   0.52635  0.06166 -0.46884
   0.50979  0.06314 -0.47358
   0.49325  0.06455 -0.47864
   0.47673  0.06590 -0.48408
   0.46023  0.06719 -0.48996
   0.44375  0.06841 -0.49637
   0.42730  0.06955 -0.50338
   0.41088  0.07062 -0.51112
   0.39449  0.07160 -0.51969
   0.37814  0.07250 -0.52925
   0.36183  0.07331 -0.53995
   0.34556  0.07403 -0.55196
   0.32933  0.07464 -0.56548
   0.31316  0.07515 -0.58074
   0.29705  0.07554 -0.59795
   0.28101  0.07581 -0.61733
   0.26505  0.07596 -0.63902
   0.24918  0.07597 -0.66329
   0.23343  0.07584 -0.69052
   0.21784  0.07556 -0.72106
   0.20249  0.07513 -0.75525
   0.18749  0.07453 -0.79329
   0.17294  0.07372 -0.83448
   0.15887  0.07267 -0.87723
   0.14529  0.07134 -0.91908
   0.13221  0.06971 -0.95726
   0.11963  0.06776 -0.98876
   0.10758  0.06549 -1.01095
   0.09608  0.06291 -1.02166
   0.08518  0.06003 -1.01915
   0.07493  0.05689 -1.00286
   0.06541  0.05355 -0.97265
   0.05667  0.05006 -0.92956
   0.04877  0.04651 -0.87528
   0.04171  0.04298 -0.81165
   0.03548  0.03952 -0.74098
   0.03003  0.03619 -0.66473
   0.02528  0.03300 -0.58467
   0.02116  0.02998 -0.50067
   0.01758  0.02710 -0.41350
   0.01447  0.02437 -0.32282
   0.01177  0.02178 -0.22853
   0.00943  0.01930 -0.12954
   0.00740  0.01692 -0.02503
   0.00566  0.01464  0.08493
   0.00417  0.01243  0.20168
   0.00292  0.01029  0.32490
   0.00191  0.00821  0.45290
   0.00111  0.00618  0.58340
   0.00053  0.00421  0.71104
   0.00016  0.00229  0.82705
   0.00001  0.00043  0.91965
   0.00006 -0.00138  0.98110
   0.00036 -0.00322  0.99941
   0.00092 -0.00507  0.96254
   0.00179 -0.00687  0.87121
   0.00297 -0.00859  0.74492
   0.00444 -0.01021  0.61045
   0.00620 -0.01172  0.48750
   0.00824 -0.01313  0.38490
   0.01056 -0.01444  0.30447
   0.01318 -0.01567  0.24333
   0.01612 -0.01683  0.19834
   0.01943 -0.01795  0.16622
   0.02320 -0.01903  0.14328
   0.02750 -0.02008  0.12789
   0.03246 -0.02113  0.11789
   0.03827 -0.02220  0.11197
   0.04514 -0.02330  0.10894
   0.05335 -0.02446  0.10754
   0.06318 -0.02570  0.10618
   0.07482 -0.02706  0.10348
   0.08822 -0.02855  0.09776
   0.10305 -0.03014  0.08793
   0.11880 -0.03181  0.07352
   0.13500 -0.03352  0.05520
   0.15130 -0.03520  0.03398
   0.16752 -0.03681  0.01109
   0.18357 -0.03831 -0.01175
   0.19944 -0.03966 -0.03288
   0.21521 -0.04084 -0.04991
   0.23098 -0.04184 -0.06288
   0.24681 -0.04270 -0.07264
   0.26270 -0.04341 -0.07984
   0.27867 -0.04398 -0.08509
   0.29471 -0.04444 -0.08872
   0.31082 -0.04477 -0.09109
   0.32699 -0.04499 -0.09242
   0.34322 -0.04511 -0.09289
   0.35949 -0.04513 -0.09252
   0.37582 -0.04505 -0.09162
   0.39219 -0.04489 -0.09013
   0.40859 -0.04464 -0.08814
   0.42504 -0.04431 -0.08580
   0.44151 -0.04390 -0.08305
   0.45802 -0.04342 -0.07999
   0.47455 -0.04287 -0.07662
   0.49111 -0.04225 -0.07300
   0.50769 -0.04158 -0.06918
   0.52430 -0.04084 -0.06509
   0.54092 -0.04004 -0.06087
   0.55756 -0.03919 -0.05641
   0.57421 -0.03829 -0.05182
   0.59088 -0.03734 -0.04704
   0.60756 -0.03634 -0.04211
   0.62426 -0.03529 -0.03702
   0.64096 -0.03420 -0.03177
   0.65767 -0.03307 -0.02636
   0.67438 -0.03189 -0.02084
   0.69111 -0.03068 -0.01517
   0.70783 -0.02942 -0.00936
   0.72456 -0.02813 -0.00343
   0.74129 -0.02679  0.00260
   0.75802 -0.02542  0.00872
   0.77475 -0.02401  0.01490
   0.79147 -0.02257  0.02110
   0.80820 -0.02108  0.02727
   0.82491 -0.01956  0.03338
   0.84162 -0.01801  0.03936
   0.85831 -0.01642  0.04513
   0.87498 -0.01479  0.05065
   0.89161 -0.01312  0.05587
   0.90815 -0.01143  0.06073
   0.92453 -0.00971  0.06522
   0.94058 -0.00799  0.06932
   0.95598 -0.00630  0.07303
   0.97030 -0.00470  0.07627
   0.98301 -0.00324  0.07895
   0.99383 -0.00199  0.08109
   1.00000 -0.00126  0.08227
