NACA 2414                                       
 Alfa =   0.00000 Re =   100000.000 Xflap,Yflap =     0.000000    0.000000
#    x        y        Cp  
   1.00000  0.00147  0.08542
   0.99339  0.00299  0.07625
   0.98219  0.00552  0.05798
   0.96942  0.00837  0.03662
   0.95522  0.01148  0.01118
   0.93985  0.01477 -0.01961
   0.92363  0.01818 -0.05811
   0.90685  0.02162 -0.10734
   0.88972  0.02505 -0.17181
   0.87238  0.02844 -0.25096
   0.85490  0.03178 -0.33205
   0.83736  0.03504 -0.33578
   0.81976  0.03823 -0.33923
   0.80212  0.04134 -0.34254
   0.78447  0.04438 -0.34583
   0.76679  0.04733 -0.34918
   0.74911  0.05021 -0.35267
   0.73141  0.05300 -0.35635
   0.71371  0.05571 -0.36030
   0.69601  0.05833 -0.36460
   0.67830  0.06087 -0.36933
   0.66060  0.06332 -0.37458
   0.64291  0.06568 -0.38044
   0.62522  0.06794 -0.38701
   0.60755  0.07012 -0.39438
   0.58988  0.07220 -0.40265
   0.57224  0.07418 -0.41189
   0.55461  0.07605 -0.42211
   0.53701  0.07783 -0.43322
   0.51943  0.07949 -0.44533
   0.50189  0.08105 -0.45854
   0.48438  0.08249 -0.47283
   0.46692  0.08381 -0.48813
   0.44952  0.08500 -0.50435
   0.43218  0.08607 -0.52132
   0.41493  0.08700 -0.53897
   0.39781  0.08780 -0.55724
   0.38085  0.08842 -0.57528
   0.36400  0.08886 -0.59233
   0.34727  0.08912 -0.60845
   0.33063  0.08918 -0.62342
   0.31409  0.08904 -0.63711
   0.29765  0.08871 -0.64959
   0.28132  0.08817 -0.66066
   0.26512  0.08741 -0.67032
   0.24906  0.08644 -0.67838
   0.23316  0.08524 -0.68492
   0.21745  0.08382 -0.68971
   0.20194  0.08216 -0.69257
   0.18670  0.08028 -0.69336
   0.17175  0.07816 -0.69200
   0.15717  0.07581 -0.68826
   0.14302  0.07325 -0.68199
   0.12941  0.07049 -0.67262
   0.11643  0.06756 -0.66076
   0.10420  0.06450 -0.64544
   0.09280  0.06136 -0.62726
   0.08231  0.05819 -0.60608
   0.07276  0.05503 -0.58167
   0.06415  0.05192 -0.55430
   0.05643  0.04889 -0.52404
   0.04954  0.04596 -0.49090
   0.04340  0.04312 -0.45457
   0.03792  0.04040 -0.41468
   0.03303  0.03776 -0.37156
   0.02865  0.03522 -0.32373
   0.02473  0.03275 -0.27260
   0.02121  0.03035 -0.21566
   0.01805  0.02801 -0.15239
   0.01521  0.02572 -0.08337
   0.01265  0.02347 -0.00714
   0.01037  0.02125  0.07637
   0.00834  0.01905  0.16881
   0.00654  0.01687  0.26785
   0.00497  0.01470  0.37525
   0.00362  0.01254  0.48779
   0.00248  0.01039  0.60203
   0.00157  0.00825  0.71284
   0.00087  0.00613  0.81504
   0.00038  0.00404  0.90039
   0.00009  0.00198  0.96113
   0.00000 -0.00002  0.99452
   0.00010 -0.00202  0.99738
   0.00040 -0.00406  0.96793
   0.00092 -0.00612  0.90440
   0.00167 -0.00818  0.81218
   0.00266 -0.01022  0.70048
   0.00390 -0.01224  0.57966
   0.00537 -0.01421  0.45795
   0.00707 -0.01614  0.34020
   0.00901 -0.01803  0.23397
   0.01120 -0.01987  0.14053
   0.01362 -0.02167  0.05880
   0.01631 -0.02344 -0.01245
   0.01928 -0.02518 -0.07212
   0.02255 -0.02690 -0.12281
   0.02615 -0.02861 -0.16531
   0.03013 -0.03030 -0.20091
   0.03453 -0.03199 -0.23014
   0.03942 -0.03367 -0.25376
   0.04487 -0.03535 -0.27284
   0.05096 -0.03704 -0.28707
   0.05778 -0.03872 -0.29808
   0.06544 -0.04039 -0.30495
   0.07404 -0.04203 -0.30857
   0.08366 -0.04363 -0.30902
   0.09436 -0.04517 -0.30674
   0.10615 -0.04660 -0.30156
   0.11897 -0.04790 -0.29435
   0.13274 -0.04905 -0.28527
   0.14733 -0.05002 -0.27479
   0.16259 -0.05081 -0.26320
   0.17842 -0.05141 -0.25091
   0.19469 -0.05184 -0.23825
   0.21133 -0.05210 -0.22537
   0.22827 -0.05220 -0.21248
   0.24545 -0.05216 -0.19961
   0.26284 -0.05199 -0.18709
   0.28040 -0.05171 -0.17475
   0.29812 -0.05132 -0.16282
   0.31597 -0.05084 -0.15132
   0.33393 -0.05027 -0.14023
   0.35199 -0.04964 -0.12966
   0.37012 -0.04895 -0.11965
   0.38829 -0.04820 -0.11023
   0.40644 -0.04742 -0.10156
   0.42456 -0.04656 -0.09286
   0.44268 -0.04564 -0.08395
   0.46083 -0.04465 -0.07488
   0.47902 -0.04360 -0.06574
   0.49724 -0.04249 -0.05655
   0.51550 -0.04133 -0.04741
   0.53380 -0.04013 -0.03837
   0.55214 -0.03888 -0.02953
   0.57051 -0.03759 -0.02096
   0.58891 -0.03627 -0.01275
   0.60734 -0.03492 -0.00498
   0.62579 -0.03354  0.00231
   0.64427 -0.03213  0.00908
   0.66276 -0.03069  0.01535
   0.68127 -0.02924  0.02117
   0.69979 -0.02776  0.02657
   0.71832 -0.02627  0.03147
   0.73686 -0.02476  0.03588
   0.75540 -0.02323  0.03982
   0.77395 -0.02169  0.04333
   0.79249 -0.02013  0.04645
   0.81101 -0.01856  0.04920
   0.82952 -0.01697  0.05164
   0.84799 -0.01537  0.05379
   0.86638 -0.01376  0.05569
   0.88466 -0.01215  0.05737
   0.90272 -0.01053  0.05886
   0.92041 -0.00894  0.06018
   0.93749 -0.00737  0.06134
   0.95363 -0.00588  0.06236
   0.96846 -0.00449  0.06325
   0.98170 -0.00323  0.06403
   0.99323 -0.00212  0.06481
   1.00000 -0.00147  0.08542
