foil                                            
 Alfa =   0.00000 Re =        0.000 Xflap,Yflap =     0.000000    0.000000
#    x        y        Cp  
   0.99999  0.03395  0.13592
   0.99315  0.03452  0.10407
   0.98110  0.03553  0.08144
   0.96700  0.03672  0.06222
   0.95134  0.03803  0.04732
   0.93477  0.03942  0.03468
   0.91786  0.04084  0.02513
   0.90109  0.04225  0.01691
   0.88488  0.04362  0.02916
   0.86895  0.04518 -0.01331
   0.85283  0.04667 -0.02299
   0.83664  0.04810 -0.01628
   0.82039  0.04963 -0.03390
   0.80394  0.05119 -0.05119
   0.78754  0.05269 -0.05205
   0.77115  0.05424 -0.06850
   0.75453  0.05579 -0.07963
   0.73778  0.05734 -0.08967
   0.72111  0.05887 -0.09824
   0.70479  0.06037 -0.11674
   0.68892  0.06177 -0.11840
   0.67306  0.06318 -0.13251
   0.65708  0.06458 -0.14600
   0.64078  0.06595 -0.15144
   0.62421  0.06733 -0.16542
   0.60759  0.06868 -0.17590
   0.59087  0.07000 -0.18567
   0.57405  0.07129 -0.19844
   0.55728  0.07252 -0.20825
   0.54070  0.07370 -0.21912
   0.52422  0.07483 -0.23226
   0.50765  0.07590 -0.24136
   0.49094  0.07694 -0.25429
   0.47418  0.07792 -0.26571
   0.45748  0.07882 -0.27738
   0.44088  0.07966 -0.28962
   0.42443  0.08042 -0.30159
   0.40807  0.08110 -0.31384
   0.39175  0.08171 -0.32629
   0.37538  0.08223 -0.33957
   0.35895  0.08266 -0.35217
   0.34253  0.08300 -0.36610
   0.32616  0.08323 -0.37956
   0.30990  0.08335 -0.39384
   0.29379  0.08336 -0.40820
   0.27793  0.08324 -0.42333
   0.26232  0.08300 -0.43852
   0.24688  0.08262 -0.45527
   0.23157  0.08210 -0.47288
   0.21651  0.08143 -0.49075
   0.20192  0.08061 -0.51345
   0.18772  0.07961 -0.53288
   0.17382  0.07842 -0.55454
   0.16042  0.07703 -0.57521
   0.14762  0.07544 -0.59055
   0.13535  0.07363 -0.60471
   0.12373  0.07161 -0.60456
   0.11277  0.06941 -0.59834
   0.10237  0.06702 -0.58817
   0.09259  0.06448 -0.57140
   0.08351  0.06183 -0.55034
   0.07507  0.05906 -0.53378
   0.06714  0.05611 -0.46357
   0.05970  0.05305 -0.39933
   0.05276  0.04997 -0.35227
   0.04625  0.04679 -0.28522
   0.04019  0.04354 -0.21431
   0.03463  0.04027 -0.13093
   0.02958  0.03703 -0.04967
   0.02501  0.03382  0.04749
   0.02092  0.03067  0.14558
   0.01730  0.02763  0.23636
   0.01413  0.02471  0.33583
   0.01139  0.02192  0.43692
   0.00902  0.01924  0.53592
   0.00699  0.01669  0.63189
   0.00525  0.01424  0.72407
   0.00379  0.01189  0.81043
   0.00258  0.00962  0.88668
   0.00159  0.00743  0.94758
   0.00083  0.00535  0.98815
   0.00032  0.00336  0.99936
   0.00005  0.00145  0.96998
   0.00002 -0.00043  0.89194
   0.00024 -0.00233  0.76509
   0.00072 -0.00426  0.59096
   0.00149 -0.00619  0.37194
   0.00258 -0.00811  0.14327
   0.00400 -0.00994 -0.04396
   0.00573 -0.01169 -0.18443
   0.00778 -0.01336 -0.28677
   0.01015 -0.01495 -0.34716
   0.01285 -0.01647 -0.37175
   0.01592 -0.01794 -0.39936
   0.01941 -0.01936 -0.36838
   0.02336 -0.02078 -0.37686
   0.02785 -0.02217 -0.34835
   0.03297 -0.02358 -0.33447
   0.03888 -0.02500 -0.30776
   0.04579 -0.02647 -0.28012
   0.05395 -0.02802 -0.25823
   0.06356 -0.02966 -0.23507
   0.07479 -0.03140 -0.21744
   0.08765 -0.03322 -0.20040
   0.10188 -0.03510 -0.19247
   0.11709 -0.03699 -0.18858
   0.13289 -0.03886 -0.19054
   0.14900 -0.04066 -0.19594
   0.16521 -0.04237 -0.20408
   0.18141 -0.04397 -0.21300
   0.19757 -0.04545 -0.22203
   0.21362 -0.04679 -0.22870
   0.22954 -0.04798 -0.23402
   0.24539 -0.04904 -0.23596
   0.26135 -0.04997 -0.23749
   0.27746 -0.05079 -0.23678
   0.29370 -0.05149 -0.23553
   0.31004 -0.05208 -0.23241
   0.32647 -0.05256 -0.22926
   0.34299 -0.05294 -0.22515
   0.35958 -0.05322 -0.22010
   0.37622 -0.05340 -0.21587
   0.39289 -0.05350 -0.20961
   0.40954 -0.05351 -0.20429
   0.42610 -0.05345 -0.19865
   0.44267 -0.05331 -0.19146
   0.45937 -0.05310 -0.18686
   0.47622 -0.05281 -0.17815
   0.49316 -0.05247 -0.17381
   0.51006 -0.05206 -0.16388
   0.52688 -0.05161 -0.16172
   0.54372 -0.05108 -0.14909
   0.56062 -0.05052 -0.14738
   0.57755 -0.04989 -0.13603
   0.59449 -0.04923 -0.13263
   0.61147 -0.04851 -0.12079
   0.62851 -0.04777 -0.11784
   0.64562 -0.04696 -0.10747
   0.66271 -0.04613 -0.10034
   0.67979 -0.04527 -0.09381
   0.69692 -0.04436 -0.08419
   0.71405 -0.04343 -0.07712
   0.73109 -0.04247 -0.06772
   0.74804 -0.04151 -0.06313
   0.76499 -0.04050 -0.04744
   0.78194 -0.03951 -0.04650
   0.79891 -0.03848 -0.03428
   0.81593 -0.03743 -0.02298
   0.83295 -0.03640 -0.01755
   0.84989 -0.03537 -0.01178
   0.86660 -0.03433  0.00770
   0.88333 -0.03336  0.00100
   0.90030 -0.03232  0.01598
   0.91746 -0.03126  0.02613
   0.93457 -0.03020  0.03806
   0.95123 -0.02917  0.05086
   0.96694 -0.02820  0.06618
   0.98107 -0.02733  0.08447
   0.99314 -0.02658  0.10713
   0.99999 -0.02616  0.13592
