NACA 23012                                      
 Alfa =  -0.24490 Re =   436251.000 Xflap,Yflap =     0.000000    0.000000
#    x        y        Cp  
   1.00000  0.00126  0.20865
   0.99387  0.00225  0.19374
   0.98311  0.00398  0.16414
   0.97047  0.00598  0.13521
   0.95624  0.00821  0.10786
   0.94091  0.01056  0.08301
   0.92495  0.01298  0.06073
   0.90866  0.01541  0.04093
   0.89220  0.01782  0.02306
   0.87565  0.02021  0.00706
   0.85907  0.02257 -0.00748
   0.84246  0.02489 -0.02107
   0.82583  0.02717 -0.03336
   0.80919  0.02942 -0.04491
   0.79255  0.03163 -0.05574
   0.77590  0.03381 -0.06558
   0.75924  0.03595 -0.07497
   0.74258  0.03806 -0.08399
   0.72592  0.04012 -0.09333
   0.70926  0.04215 -0.10500
   0.69260  0.04414 -0.12243
   0.67595  0.04609 -0.14870
   0.65930  0.04801 -0.18107
   0.64265  0.04987 -0.20471
   0.62600  0.05170 -0.20975
   0.60937  0.05348 -0.21619
   0.59274  0.05522 -0.22344
   0.57613  0.05691 -0.23123
   0.55952  0.05855 -0.23951
   0.54293  0.06013 -0.24823
   0.52635  0.06166 -0.25736
   0.50979  0.06314 -0.26690
   0.49325  0.06455 -0.27684
   0.47673  0.06590 -0.28715
   0.46023  0.06719 -0.29781
   0.44375  0.06841 -0.30885
   0.42730  0.06955 -0.32021
   0.41088  0.07062 -0.33188
   0.39449  0.07160 -0.34392
   0.37814  0.07250 -0.35626
   0.36183  0.07331 -0.36897
   0.34556  0.07403 -0.38201
   0.32933  0.07464 -0.39554
   0.31316  0.07515 -0.40949
   0.29705  0.07554 -0.42398
   0.28101  0.07581 -0.43915
   0.26505  0.07596 -0.45528
   0.24918  0.07597 -0.47261
   0.23343  0.07584 -0.49146
   0.21784  0.07556 -0.51288
   0.20249  0.07513 -0.53720
   0.18749  0.07453 -0.56531
   0.17294  0.07372 -0.59441
   0.15887  0.07267 -0.62139
   0.14529  0.07134 -0.64357
   0.13221  0.06971 -0.65855
   0.11963  0.06776 -0.66430
   0.10758  0.06549 -0.65862
   0.09608  0.06291 -0.64042
   0.08518  0.06003 -0.60898
   0.07493  0.05689 -0.56309
   0.06541  0.05355 -0.50483
   0.05667  0.05006 -0.43483
   0.04877  0.04651 -0.35495
   0.04171  0.04298 -0.26789
   0.03548  0.03952 -0.17610
   0.03003  0.03619 -0.08137
   0.02528  0.03300  0.01518
   0.02116  0.02998  0.11327
   0.01758  0.02710  0.21045
   0.01447  0.02437  0.30816
   0.01177  0.02178  0.40560
   0.00943  0.01930  0.50315
   0.00740  0.01692  0.59859
   0.00566  0.01464  0.69202
   0.00417  0.01243  0.78045
   0.00292  0.01029  0.86255
   0.00191  0.00821  0.93040
   0.00111  0.00618  0.98017
   0.00053  0.00421  0.99993
   0.00016  0.00229  0.98102
   0.00001  0.00043  0.91431
   0.00006 -0.00138  0.78917
   0.00036 -0.00322  0.60147
   0.00092 -0.00507  0.35643
   0.00179 -0.00687  0.09067
   0.00297 -0.00859 -0.15437
   0.00444 -0.01021 -0.34169
   0.00620 -0.01172 -0.46487
   0.00824 -0.01313 -0.53552
   0.01056 -0.01444 -0.56561
   0.01318 -0.01567 -0.56664
   0.01612 -0.01683 -0.55118
   0.01943 -0.01795 -0.52327
   0.02320 -0.01903 -0.48927
   0.02750 -0.02008 -0.45048
   0.03246 -0.02113 -0.41026
   0.03827 -0.02220 -0.36948
   0.04514 -0.02330 -0.32884
   0.05335 -0.02446 -0.28964
   0.06318 -0.02570 -0.25324
   0.07482 -0.02706 -0.22210
   0.08822 -0.02855 -0.19878
   0.10305 -0.03014 -0.18521
   0.11880 -0.03181 -0.18202
   0.13500 -0.03352 -0.18706
   0.15130 -0.03520 -0.19896
   0.16752 -0.03681 -0.21478
   0.18357 -0.03831 -0.23188
   0.19944 -0.03966 -0.24765
   0.21521 -0.04084 -0.25774
   0.23098 -0.04184 -0.26309
   0.24681 -0.04270 -0.26509
   0.26270 -0.04341 -0.26513
   0.27867 -0.04398 -0.26346
   0.29471 -0.04444 -0.26072
   0.31082 -0.04477 -0.25692
   0.32699 -0.04499 -0.25244
   0.34322 -0.04511 -0.24743
   0.35949 -0.04513 -0.24180
   0.37582 -0.04505 -0.23599
   0.39219 -0.04489 -0.22974
   0.40859 -0.04464 -0.22336
   0.42504 -0.04431 -0.21668
   0.44151 -0.04390 -0.20990
   0.45802 -0.04342 -0.20300
   0.47455 -0.04287 -0.19593
   0.49111 -0.04225 -0.18885
   0.50769 -0.04158 -0.18176
   0.52430 -0.04084 -0.17450
   0.54092 -0.04004 -0.16735
   0.55756 -0.03919 -0.16008
   0.57421 -0.03829 -0.15291
   0.59088 -0.03734 -0.14568
   0.60756 -0.03634 -0.13848
   0.62426 -0.03529 -0.13134
   0.64096 -0.03420 -0.12421
   0.65767 -0.03307 -0.11716
   0.67438 -0.03189 -0.11021
   0.69111 -0.03068 -0.10336
   0.70783 -0.02942 -0.09665
   0.72456 -0.02813 -0.09009
   0.74129 -0.02679 -0.08373
   0.75802 -0.02542 -0.07759
   0.77475 -0.02401 -0.07168
   0.79147 -0.02257 -0.06603
   0.80820 -0.02108 -0.06066
   0.82491 -0.01956 -0.05560
   0.84162 -0.01801 -0.05100
   0.85831 -0.01642 -0.03941
   0.87498 -0.01479 -0.00532
   0.89161 -0.01312  0.02786
   0.90815 -0.01143  0.05472
   0.92453 -0.00971  0.07641
   0.94058 -0.00799  0.09625
   0.95598 -0.00630  0.11725
   0.97030 -0.00470  0.14067
   0.98301 -0.00324  0.16651
   0.99383 -0.00199  0.19478
   1.00000 -0.00126  0.20865
