NACA 23012                                      
 Alfa =  -3.67347 Re =   436251.000 Xflap,Yflap =     0.000000    0.000000
#    x        y        Cp  
   1.00000  0.00126  0.17903
   0.99387  0.00225  0.16172
   0.98311  0.00398  0.12747
   0.97047  0.00598  0.08326
   0.95624  0.00821  0.02775
   0.94091  0.01056  0.00432
   0.92495  0.01298  0.00053
   0.90866  0.01541 -0.00350
   0.89220  0.01782 -0.00779
   0.87565  0.02021 -0.01234
   0.85907  0.02257 -0.01720
   0.84246  0.02489 -0.02245
   0.82583  0.02717 -0.02808
   0.80919  0.02942 -0.03407
   0.79255  0.03163 -0.04036
   0.77590  0.03381 -0.04686
   0.75924  0.03595 -0.05348
   0.74258  0.03806 -0.06019
   0.72592  0.04012 -0.06687
   0.70926  0.04215 -0.07358
   0.69260  0.04414 -0.08023
   0.67595  0.04609 -0.08681
   0.65930  0.04801 -0.09331
   0.64265  0.04987 -0.09981
   0.62600  0.05170 -0.10621
   0.60937  0.05348 -0.11253
   0.59274  0.05522 -0.11887
   0.57613  0.05691 -0.12513
   0.55952  0.05855 -0.13135
   0.54293  0.06013 -0.13756
   0.52635  0.06166 -0.14367
   0.50979  0.06314 -0.14978
   0.49325  0.06455 -0.15587
   0.47673  0.06590 -0.16187
   0.46023  0.06719 -0.16778
   0.44375  0.06841 -0.17368
   0.42730  0.06955 -0.17951
   0.41088  0.07062 -0.18518
   0.39449  0.07160 -0.19084
   0.37814  0.07250 -0.19629
   0.36183  0.07331 -0.20163
   0.34556  0.07403 -0.20678
   0.32933  0.07464 -0.21184
   0.31316  0.07515 -0.21666
   0.29705  0.07554 -0.22129
   0.28101  0.07581 -0.22581
   0.26505  0.07596 -0.23027
   0.24918  0.07597 -0.23478
   0.23343  0.07584 -0.23959
   0.21784  0.07556 -0.24543
   0.20249  0.07513 -0.25308
   0.18749  0.07453 -0.26326
   0.17294  0.07372 -0.27231
   0.15887  0.07267 -0.27748
   0.14529  0.07134 -0.27638
   0.13221  0.06971 -0.26698
   0.11963  0.06776 -0.24794
   0.10758  0.06549 -0.21771
   0.09608  0.06291 -0.17567
   0.08518  0.06003 -0.12110
   0.07493  0.05689 -0.05512
   0.06541  0.05355  0.02161
   0.05667  0.05006  0.10709
   0.04877  0.04651  0.19854
   0.04171  0.04298  0.29326
   0.03548  0.03952  0.38909
   0.03003  0.03619  0.48310
   0.02528  0.03300  0.57429
   0.02116  0.02998  0.66042
   0.01758  0.02710  0.74121
   0.01447  0.02437  0.81488
   0.01177  0.02178  0.87935
   0.00943  0.01930  0.93390
   0.00740  0.01692  0.97404
   0.00566  0.01464  0.99696
   0.00417  0.01243  0.99642
   0.00292  0.01029  0.96538
   0.00191  0.00821  0.89392
   0.00111  0.00618  0.77351
   0.00053  0.00421  0.58984
   0.00016  0.00229  0.33747
   0.00001  0.00043  0.01994
   0.00006 -0.00138 -0.36744
   0.00036 -0.00322 -0.82757
   0.00092 -0.00507 -1.29977
   0.00179 -0.00687 -1.70201
   0.00297 -0.00859 -1.97464
   0.00444 -0.01021 -2.08988
   0.00620 -0.01172 -2.07898
   0.00824 -0.01313 -1.98345
   0.01056 -0.01444 -1.84528
   0.01318 -0.01567 -1.70989
   0.01612 -0.01683 -1.60871
   0.01943 -0.01795 -1.54192
   0.02320 -0.01903 -1.50035
   0.02750 -0.02008 -1.47235
   0.03246 -0.02113 -1.45046
   0.03827 -0.02220 -1.42954
   0.04514 -0.02330 -1.31875
   0.05335 -0.02446 -0.90878
   0.06318 -0.02570 -0.69606
   0.07482 -0.02706 -0.60674
   0.08822 -0.02855 -0.55587
   0.10305 -0.03014 -0.52051
   0.11880 -0.03181 -0.49842
   0.13500 -0.03352 -0.48734
   0.15130 -0.03520 -0.48493
   0.16752 -0.03681 -0.48833
   0.18357 -0.03831 -0.49404
   0.19944 -0.03966 -0.49889
   0.21521 -0.04084 -0.49702
   0.23098 -0.04184 -0.49072
   0.24681 -0.04270 -0.48184
   0.26270 -0.04341 -0.47154
   0.27867 -0.04398 -0.46028
   0.29471 -0.04444 -0.44827
   0.31082 -0.04477 -0.43598
   0.32699 -0.04499 -0.42319
   0.34322 -0.04511 -0.41038
   0.35949 -0.04513 -0.39729
   0.37582 -0.04505 -0.38431
   0.39219 -0.04489 -0.37129
   0.40859 -0.04464 -0.35817
   0.42504 -0.04431 -0.34528
   0.44151 -0.04390 -0.33234
   0.45802 -0.04342 -0.31961
   0.47455 -0.04287 -0.30673
   0.49111 -0.04225 -0.29420
   0.50769 -0.04158 -0.28177
   0.52430 -0.04084 -0.26919
   0.54092 -0.04004 -0.25700
   0.55756 -0.03919 -0.24465
   0.57421 -0.03829 -0.23256
   0.59088 -0.03734 -0.22041
   0.60756 -0.03634 -0.20828
   0.62426 -0.03529 -0.19633
   0.64096 -0.03420 -0.18421
   0.65767 -0.03307 -0.17219
   0.67438 -0.03189 -0.16010
   0.69111 -0.03068 -0.14784
   0.70783 -0.02942 -0.13556
   0.72456 -0.02813 -0.12311
   0.74129 -0.02679 -0.11044
   0.75802 -0.02542 -0.09754
   0.77475 -0.02401 -0.08427
   0.79147 -0.02257 -0.07067
   0.80820 -0.02108 -0.05661
   0.82491 -0.01956 -0.04194
   0.84162 -0.01801 -0.02666
   0.85831 -0.01642 -0.01063
   0.87498 -0.01479  0.00629
   0.89161 -0.01312  0.02434
   0.90815 -0.01143  0.04345
   0.92453 -0.00971  0.06389
   0.94058 -0.00799  0.08522
   0.95598 -0.00630  0.10744
   0.97030 -0.00470  0.12948
   0.98301 -0.00324  0.15033
   0.99383 -0.00199  0.16906
   1.00000 -0.00126  0.17903
