NACA 23012                                      
 Alfa =  -3.18367 Re =   436251.000 Xflap,Yflap =     0.000000    0.000000
#    x        y        Cp  
   1.00000  0.00126  0.18662
   0.99387  0.00225  0.17348
   0.98311  0.00398  0.14706
   0.97047  0.00598  0.11826
   0.95624  0.00821  0.08317
   0.94091  0.01056  0.03896
   0.92495  0.01298 -0.00987
   0.90866  0.01541 -0.01800
   0.89220  0.01782 -0.02242
   0.87565  0.02021 -0.02705
   0.85907  0.02257 -0.03191
   0.84246  0.02489 -0.03704
   0.82583  0.02717 -0.04245
   0.80919  0.02942 -0.04817
   0.79255  0.03163 -0.05418
   0.77590  0.03381 -0.06042
   0.75924  0.03595 -0.06686
   0.74258  0.03806 -0.07345
   0.72592  0.04012 -0.08012
   0.70926  0.04215 -0.08690
   0.69260  0.04414 -0.09371
   0.67595  0.04609 -0.10053
   0.65930  0.04801 -0.10733
   0.64265  0.04987 -0.11417
   0.62600  0.05170 -0.12100
   0.60937  0.05348 -0.12778
   0.59274  0.05522 -0.13462
   0.57613  0.05691 -0.14139
   0.55952  0.05855 -0.14820
   0.54293  0.06013 -0.15501
   0.52635  0.06166 -0.16177
   0.50979  0.06314 -0.16855
   0.49325  0.06455 -0.17536
   0.47673  0.06590 -0.18208
   0.46023  0.06719 -0.18878
   0.44375  0.06841 -0.19551
   0.42730  0.06955 -0.20220
   0.41088  0.07062 -0.20876
   0.39449  0.07160 -0.21535
   0.37814  0.07250 -0.22187
   0.36183  0.07331 -0.22825
   0.34556  0.07403 -0.23452
   0.32933  0.07464 -0.24083
   0.31316  0.07515 -0.24689
   0.29705  0.07554 -0.25293
   0.28101  0.07581 -0.25896
   0.26505  0.07596 -0.26495
   0.24918  0.07597 -0.27136
   0.23343  0.07584 -0.27808
   0.21784  0.07556 -0.28601
   0.20249  0.07513 -0.29615
   0.18749  0.07453 -0.30887
   0.17294  0.07372 -0.32078
   0.15887  0.07267 -0.32903
   0.14529  0.07134 -0.33109
   0.13221  0.06971 -0.32498
   0.11963  0.06776 -0.30924
   0.10758  0.06549 -0.28212
   0.09608  0.06291 -0.24296
   0.08518  0.06003 -0.19115
   0.07493  0.05689 -0.12748
   0.06541  0.05355 -0.05264
   0.05667  0.05006  0.03172
   0.04877  0.04651  0.12240
   0.04171  0.04298  0.21762
   0.03548  0.03952  0.31383
   0.03003  0.03619  0.40999
   0.02528  0.03300  0.50347
   0.02116  0.02998  0.59292
   0.01758  0.02710  0.67876
   0.01447  0.02437  0.75834
   0.01177  0.02178  0.83024
   0.00943  0.01930  0.89349
   0.00740  0.01692  0.94605
   0.00566  0.01464  0.98268
   0.00417  0.01243  0.99955
   0.00292  0.01029  0.98965
   0.00191  0.00821  0.94422
   0.00111  0.00618  0.85431
   0.00053  0.00421  0.70572
   0.00016  0.00229  0.49407
   0.00001  0.00043  0.21810
   0.00006 -0.00138 -0.12842
   0.00036 -0.00322 -0.54651
   0.00092 -0.00507 -0.98575
   0.00179 -0.00687 -1.37520
   0.00297 -0.00859 -1.65167
   0.00444 -0.01021 -1.78801
   0.00620 -0.01172 -1.81209
   0.00824 -0.01313 -1.75443
   0.01056 -0.01444 -1.64849
   0.01318 -0.01567 -1.52583
   0.01612 -0.01683 -1.41533
   0.01943 -0.01795 -1.33188
   0.02320 -0.01903 -1.27454
   0.02750 -0.02008 -1.23643
   0.03246 -0.02113 -1.20897
   0.03827 -0.02220 -1.18615
   0.04514 -0.02330 -1.16316
   0.05335 -0.02446 -0.97813
   0.06318 -0.02570 -0.65577
   0.07482 -0.02706 -0.52980
   0.08822 -0.02855 -0.48239
   0.10305 -0.03014 -0.45531
   0.11880 -0.03181 -0.44023
   0.13500 -0.03352 -0.43427
   0.15130 -0.03520 -0.43602
   0.16752 -0.03681 -0.44242
   0.18357 -0.03831 -0.45091
   0.19944 -0.03966 -0.45800
   0.21521 -0.04084 -0.45829
   0.23098 -0.04184 -0.45387
   0.24681 -0.04270 -0.44687
   0.26270 -0.04341 -0.43818
   0.27867 -0.04398 -0.42853
   0.29471 -0.04444 -0.41803
   0.31082 -0.04477 -0.40707
   0.32699 -0.04499 -0.39555
   0.34322 -0.04511 -0.38417
   0.35949 -0.04513 -0.37197
   0.37582 -0.04505 -0.36028
   0.39219 -0.04489 -0.34823
   0.40859 -0.04464 -0.33611
   0.42504 -0.04431 -0.32419
   0.44151 -0.04390 -0.31216
   0.45802 -0.04342 -0.30031
   0.47455 -0.04287 -0.28825
   0.49111 -0.04225 -0.27647
   0.50769 -0.04158 -0.26486
   0.52430 -0.04084 -0.25304
   0.54092 -0.04004 -0.24155
   0.55756 -0.03919 -0.22989
   0.57421 -0.03829 -0.21853
   0.59088 -0.03734 -0.20702
   0.60756 -0.03634 -0.19554
   0.62426 -0.03529 -0.18421
   0.64096 -0.03420 -0.17272
   0.65767 -0.03307 -0.16128
   0.67438 -0.03189 -0.14982
   0.69111 -0.03068 -0.13814
   0.70783 -0.02942 -0.12643
   0.72456 -0.02813 -0.11453
   0.74129 -0.02679 -0.10243
   0.75802 -0.02542 -0.09009
   0.77475 -0.02401 -0.07735
   0.79147 -0.02257 -0.06427
   0.80820 -0.02108 -0.05078
   0.82491 -0.01956 -0.03655
   0.84162 -0.01801 -0.02175
   0.85831 -0.01642 -0.00613
   0.87498 -0.01479  0.01039
   0.89161 -0.01312  0.02816
   0.90815 -0.01143  0.04709
   0.92453 -0.00971  0.06751
   0.94058 -0.00799  0.08902
   0.95598 -0.00630  0.11169
   0.97030 -0.00470  0.13450
   0.98301 -0.00324  0.15632
   0.99383 -0.00199  0.17616
   1.00000 -0.00126  0.18662
