NACA 23012                                      
 Alfa =   0.00000 Re =        0.000 Xflap,Yflap =     0.000000    0.000000
#    x        y        Cp  
   1.00000  0.00126  0.41523
   0.99387  0.00225  0.25472
   0.98311  0.00398  0.19296
   0.97047  0.00598  0.14707
   0.95624  0.00821  0.11182
   0.94091  0.01056  0.08247
   0.92495  0.01298  0.05724
   0.90866  0.01541  0.03539
   0.89220  0.01782  0.01563
   0.87565  0.02021 -0.00195
   0.85907  0.02257 -0.01798
   0.84246  0.02489 -0.03339
   0.82583  0.02717 -0.04735
   0.80919  0.02942 -0.06088
   0.79255  0.03163 -0.07403
   0.77590  0.03381 -0.08625
   0.75924  0.03595 -0.09840
   0.74258  0.03806 -0.11022
   0.72592  0.04012 -0.12165
   0.70926  0.04215 -0.13317
   0.69260  0.04414 -0.14448
   0.67595  0.04609 -0.15562
   0.65930  0.04801 -0.16660
   0.64265  0.04987 -0.17798
   0.62600  0.05170 -0.18904
   0.60937  0.05348 -0.20003
   0.59274  0.05522 -0.21164
   0.57613  0.05691 -0.22271
   0.55952  0.05855 -0.23418
   0.54293  0.06013 -0.24589
   0.52635  0.06166 -0.25742
   0.50979  0.06314 -0.26933
   0.49325  0.06455 -0.28138
   0.47673  0.06590 -0.29357
   0.46023  0.06719 -0.30595
   0.44375  0.06841 -0.31846
   0.42730  0.06955 -0.33159
   0.41088  0.07062 -0.34430
   0.39449  0.07160 -0.35772
   0.37814  0.07250 -0.37142
   0.36183  0.07331 -0.38528
   0.34556  0.07403 -0.39930
   0.32933  0.07464 -0.41404
   0.31316  0.07515 -0.42919
   0.29705  0.07554 -0.44459
   0.28101  0.07581 -0.46067
   0.26505  0.07596 -0.47750
   0.24918  0.07597 -0.49579
   0.23343  0.07584 -0.51447
   0.21784  0.07556 -0.53620
   0.20249  0.07513 -0.56137
   0.18749  0.07453 -0.59515
   0.17294  0.07372 -0.63046
   0.15887  0.07267 -0.66316
   0.14529  0.07134 -0.68974
   0.13221  0.06971 -0.70916
   0.11963  0.06776 -0.71791
   0.10758  0.06549 -0.71589
   0.09608  0.06291 -0.70052
   0.08518  0.06003 -0.67143
   0.07493  0.05689 -0.62846
   0.06541  0.05355 -0.57223
   0.05667  0.05006 -0.50403
   0.04877  0.04651 -0.42612
   0.04171  0.04298 -0.34045
   0.03548  0.03952 -0.24982
   0.03003  0.03619 -0.15539
   0.02528  0.03300 -0.05976
   0.02116  0.02998  0.03783
   0.01758  0.02710  0.13549
   0.01447  0.02437  0.23439
   0.01177  0.02178  0.33308
   0.00943  0.01930  0.43209
   0.00740  0.01692  0.53108
   0.00566  0.01464  0.62949
   0.00417  0.01243  0.72431
   0.00292  0.01029  0.81434
   0.00191  0.00821  0.89401
   0.00111  0.00618  0.95681
   0.00053  0.00421  0.99425
   0.00016  0.00229  0.99531
   0.00001  0.00043  0.95099
   0.00006 -0.00138  0.85206
   0.00036 -0.00322  0.68767
   0.00092 -0.00507  0.46392
   0.00179 -0.00687  0.21276
   0.00297 -0.00859 -0.02314
   0.00444 -0.01021 -0.20907
   0.00620 -0.01172 -0.33846
   0.00824 -0.01313 -0.41448
   0.01056 -0.01444 -0.45195
   0.01318 -0.01567 -0.46086
   0.01612 -0.01683 -0.45178
   0.01943 -0.01795 -0.42949
   0.02320 -0.01903 -0.40139
   0.02750 -0.02008 -0.36716
   0.03246 -0.02113 -0.33128
   0.03827 -0.02220 -0.29437
   0.04514 -0.02330 -0.25689
   0.05335 -0.02446 -0.22209
   0.06318 -0.02570 -0.19062
   0.07482 -0.02706 -0.16522
   0.08822 -0.02855 -0.14807
   0.10305 -0.03014 -0.14037
   0.11880 -0.03181 -0.14224
   0.13500 -0.03352 -0.15167
   0.15130 -0.03520 -0.16680
   0.16752 -0.03681 -0.18557
   0.18357 -0.03831 -0.20512
   0.19944 -0.03966 -0.22319
   0.21521 -0.04084 -0.23299
   0.23098 -0.04184 -0.23783
   0.24681 -0.04270 -0.23976
   0.26270 -0.04341 -0.23999
   0.27867 -0.04398 -0.23862
   0.29471 -0.04444 -0.23617
   0.31082 -0.04477 -0.23293
   0.32699 -0.04499 -0.22885
   0.34322 -0.04511 -0.22462
   0.35949 -0.04513 -0.21906
   0.37582 -0.04505 -0.21395
   0.39219 -0.04489 -0.20811
   0.40859 -0.04464 -0.20183
   0.42504 -0.04431 -0.19582
   0.44151 -0.04390 -0.18928
   0.45802 -0.04342 -0.18262
   0.47455 -0.04287 -0.17575
   0.49111 -0.04225 -0.16883
   0.50769 -0.04158 -0.16213
   0.52430 -0.04084 -0.15478
   0.54092 -0.04004 -0.14792
   0.55756 -0.03919 -0.14047
   0.57421 -0.03829 -0.13351
   0.59088 -0.03734 -0.12603
   0.60756 -0.03634 -0.11874
   0.62426 -0.03529 -0.11127
   0.64096 -0.03420 -0.10370
   0.65767 -0.03307 -0.09599
   0.67438 -0.03189 -0.08839
   0.69111 -0.03068 -0.08047
   0.70783 -0.02942 -0.07240
   0.72456 -0.02813 -0.06413
   0.74129 -0.02679 -0.05565
   0.75802 -0.02542 -0.04707
   0.77475 -0.02401 -0.03783
   0.79147 -0.02257 -0.02828
   0.80820 -0.02108 -0.01860
   0.82491 -0.01956 -0.00782
   0.84162 -0.01801  0.00347
   0.85831 -0.01642  0.01560
   0.87498 -0.01479  0.02873
   0.89161 -0.01312  0.04354
   0.90815 -0.01143  0.05996
   0.92453 -0.00971  0.07896
   0.94058 -0.00799  0.10063
   0.95598 -0.00630  0.12677
   0.97030 -0.00470  0.15868
   0.98301 -0.00324  0.20090
   0.99383 -0.00199  0.25872
   1.00000 -0.00126  0.41523
