NACA 23012                                      
 Alfa =   0.00000 Re =   436151.000 Xflap,Yflap =     0.000000    0.000000
#    x        y        Cp  
   1.00000  0.00126  0.20844
   0.99387  0.00225  0.19352
   0.98311  0.00398  0.16429
   0.97047  0.00598  0.13541
   0.95624  0.00821  0.10788
   0.94091  0.01056  0.08271
   0.92495  0.01298  0.06003
   0.90866  0.01541  0.03979
   0.89220  0.01782  0.02145
   0.87565  0.02021  0.00493
   0.85907  0.02257 -0.01014
   0.84246  0.02489 -0.02431
   0.82583  0.02717 -0.03721
   0.80919  0.02942 -0.04942
   0.79255  0.03163 -0.06098
   0.77590  0.03381 -0.07161
   0.75924  0.03595 -0.08173
   0.74258  0.03806 -0.09125
   0.72592  0.04012 -0.10023
   0.70926  0.04215 -0.10918
   0.69260  0.04414 -0.11896
   0.67595  0.04609 -0.13169
   0.65930  0.04801 -0.15149
   0.64265  0.04987 -0.18066
   0.62600  0.05170 -0.21363
   0.60937  0.05348 -0.23000
   0.59274  0.05522 -0.23588
   0.57613  0.05691 -0.24299
   0.55952  0.05855 -0.25087
   0.54293  0.06013 -0.25934
   0.52635  0.06166 -0.26831
   0.50979  0.06314 -0.27776
   0.49325  0.06455 -0.28765
   0.47673  0.06590 -0.29800
   0.46023  0.06719 -0.30876
   0.44375  0.06841 -0.31994
   0.42730  0.06955 -0.33156
   0.41088  0.07062 -0.34353
   0.39449  0.07160 -0.35591
   0.37814  0.07250 -0.36868
   0.36183  0.07331 -0.38187
   0.34556  0.07403 -0.39548
   0.32933  0.07464 -0.40955
   0.31316  0.07515 -0.42420
   0.29705  0.07554 -0.43941
   0.28101  0.07581 -0.45543
   0.26505  0.07596 -0.47244
   0.24918  0.07597 -0.49083
   0.23343  0.07584 -0.51085
   0.21784  0.07556 -0.53328
   0.20249  0.07513 -0.55899
   0.18749  0.07453 -0.58840
   0.17294  0.07372 -0.61902
   0.15887  0.07267 -0.64787
   0.14529  0.07134 -0.67169
   0.13221  0.06971 -0.68907
   0.11963  0.06776 -0.69646
   0.10758  0.06549 -0.69314
   0.09608  0.06291 -0.67716
   0.08518  0.06003 -0.64737
   0.07493  0.05689 -0.60425
   0.06541  0.05355 -0.54753
   0.05667  0.05006 -0.47888
   0.04877  0.04651 -0.40152
   0.04171  0.04298 -0.31543
   0.03548  0.03952 -0.22449
   0.03003  0.03619 -0.13060
   0.02528  0.03300 -0.03482
   0.02116  0.02998  0.06260
   0.01758  0.02710  0.16020
   0.01447  0.02437  0.25846
   0.01177  0.02178  0.35709
   0.00943  0.01930  0.45533
   0.00740  0.01692  0.55306
   0.00566  0.01464  0.64912
   0.00417  0.01243  0.74242
   0.00292  0.01029  0.82982
   0.00191  0.00821  0.90678
   0.00111  0.00618  0.96409
   0.00053  0.00421  0.99691
   0.00016  0.00229  0.99222
   0.00001  0.00043  0.94126
   0.00006 -0.00138  0.83716
   0.00036 -0.00322  0.66755
   0.00092 -0.00507  0.44016
   0.00179 -0.00687  0.18889
   0.00297 -0.00859 -0.05207
   0.00444 -0.01021 -0.23536
   0.00620 -0.01172 -0.36163
   0.00824 -0.01313 -0.43972
   0.01056 -0.01444 -0.47601
   0.01318 -0.01567 -0.48443
   0.01612 -0.01683 -0.47625
   0.01943 -0.01795 -0.45501
   0.02320 -0.01903 -0.42677
   0.02750 -0.02008 -0.39417
   0.03246 -0.02113 -0.35874
   0.03827 -0.02220 -0.32245
   0.04514 -0.02330 -0.28593
   0.05335 -0.02446 -0.25052
   0.06318 -0.02570 -0.21802
   0.07482 -0.02706 -0.19059
   0.08822 -0.02855 -0.17033
   0.10305 -0.03014 -0.15955
   0.11880 -0.03181 -0.15824
   0.13500 -0.03352 -0.16534
   0.15130 -0.03520 -0.17819
   0.16752 -0.03681 -0.19514
   0.18357 -0.03831 -0.21305
   0.19944 -0.03966 -0.22948
   0.21521 -0.04084 -0.24030
   0.23098 -0.04184 -0.24640
   0.24681 -0.04270 -0.24911
   0.26270 -0.04341 -0.24983
   0.27867 -0.04398 -0.24873
   0.29471 -0.04444 -0.24646
   0.31082 -0.04477 -0.24332
   0.32699 -0.04499 -0.23937
   0.34322 -0.04511 -0.23492
   0.35949 -0.04513 -0.22983
   0.37582 -0.04505 -0.22449
   0.39219 -0.04489 -0.21870
   0.40859 -0.04464 -0.21269
   0.42504 -0.04431 -0.20652
   0.44151 -0.04390 -0.20009
   0.45802 -0.04342 -0.19354
   0.47455 -0.04287 -0.18685
   0.49111 -0.04225 -0.18009
   0.50769 -0.04158 -0.17332
   0.52430 -0.04084 -0.16636
   0.54092 -0.04004 -0.15946
   0.55756 -0.03919 -0.15244
   0.57421 -0.03829 -0.14549
   0.59088 -0.03734 -0.13844
   0.60756 -0.03634 -0.13141
   0.62426 -0.03529 -0.12437
   0.64096 -0.03420 -0.11734
   0.65767 -0.03307 -0.11032
   0.67438 -0.03189 -0.10338
   0.69111 -0.03068 -0.09646
   0.70783 -0.02942 -0.08965
   0.72456 -0.02813 -0.08295
   0.74129 -0.02679 -0.07641
   0.75802 -0.02542 -0.07006
   0.77475 -0.02401 -0.06393
   0.79147 -0.02257 -0.05805
   0.80820 -0.02108 -0.05245
   0.82491 -0.01956 -0.04709
   0.84162 -0.01801 -0.04200
   0.85831 -0.01642 -0.03718
   0.87498 -0.01479 -0.03267
   0.89161 -0.01312 -0.01075
   0.90815 -0.01143  0.02915
   0.92453 -0.00971  0.06495
   0.94058 -0.00799  0.09363
   0.95598 -0.00630  0.11833
   0.97030 -0.00470  0.14259
   0.98301 -0.00324  0.16792
   0.99383 -0.00199  0.19497
   1.00000 -0.00126  0.20844
