NACA 23012                                      
 Alfa =  -0.73469 Re =   436251.000 Xflap,Yflap =     0.000000    0.000000
#    x        y        Cp  
   1.00000  0.00126  0.20789
   0.99387  0.00225  0.19302
   0.98311  0.00398  0.16291
   0.97047  0.00598  0.13414
   0.95624  0.00821  0.10738
   0.94091  0.01056  0.08339
   0.92495  0.01298  0.06213
   0.90866  0.01541  0.04339
   0.89220  0.01782  0.02666
   0.87565  0.02021  0.01187
   0.85907  0.02257 -0.00139
   0.84246  0.02489 -0.01362
   0.82583  0.02717 -0.02447
   0.80919  0.02942 -0.03469
   0.79255  0.03163 -0.04458
   0.77590  0.03381 -0.05492
   0.75924  0.03595 -0.06827
   0.74258  0.03806 -0.08804
   0.72592  0.04012 -0.11595
   0.70926  0.04215 -0.14714
   0.69260  0.04414 -0.16331
   0.67595  0.04609 -0.16829
   0.65930  0.04801 -0.17430
   0.64265  0.04987 -0.18094
   0.62600  0.05170 -0.18803
   0.60937  0.05348 -0.19551
   0.59274  0.05522 -0.20338
   0.57613  0.05691 -0.21158
   0.55952  0.05855 -0.22013
   0.54293  0.06013 -0.22900
   0.52635  0.06166 -0.23817
   0.50979  0.06314 -0.24764
   0.49325  0.06455 -0.25737
   0.47673  0.06590 -0.26739
   0.46023  0.06719 -0.27766
   0.44375  0.06841 -0.28814
   0.42730  0.06955 -0.29891
   0.41088  0.07062 -0.30986
   0.39449  0.07160 -0.32107
   0.37814  0.07250 -0.33255
   0.36183  0.07331 -0.34421
   0.34556  0.07403 -0.35610
   0.32933  0.07464 -0.36839
   0.31316  0.07515 -0.38096
   0.29705  0.07554 -0.39394
   0.28101  0.07581 -0.40754
   0.26505  0.07596 -0.42194
   0.24918  0.07597 -0.43723
   0.23343  0.07584 -0.45393
   0.21784  0.07556 -0.47280
   0.20249  0.07513 -0.49471
   0.18749  0.07453 -0.52037
   0.17294  0.07372 -0.54623
   0.15887  0.07267 -0.56986
   0.14529  0.07134 -0.58824
   0.13221  0.06971 -0.59973
   0.11963  0.06776 -0.60092
   0.10758  0.06549 -0.59150
   0.09608  0.06291 -0.56931
   0.08518  0.06003 -0.53334
   0.07493  0.05689 -0.48428
   0.06541  0.05355 -0.42203
   0.05667  0.05006 -0.34889
   0.04877  0.04651 -0.26643
   0.04171  0.04298 -0.17707
   0.03548  0.03952 -0.08343
   0.03003  0.03619  0.01328
   0.02528  0.03300  0.11052
   0.02116  0.02998  0.20786
   0.01758  0.02710  0.30604
   0.01447  0.02437  0.40225
   0.01177  0.02178  0.49646
   0.00943  0.01930  0.59016
   0.00740  0.01692  0.68181
   0.00566  0.01464  0.76751
   0.00417  0.01243  0.84603
   0.00292  0.01029  0.91654
   0.00191  0.00821  0.96841
   0.00111  0.00618  0.99738
   0.00053  0.00421  0.99205
   0.00016  0.00229  0.94369
   0.00001  0.00043  0.84283
   0.00006 -0.00138  0.68457
   0.00036 -0.00322  0.45348
   0.00092 -0.00507  0.17530
   0.00179 -0.00687 -0.12013
   0.00297 -0.00859 -0.37434
   0.00444 -0.01021 -0.56262
   0.00620 -0.01172 -0.67658
   0.00824 -0.01313 -0.73510
   0.01056 -0.01444 -0.74817
   0.01318 -0.01567 -0.73273
   0.01612 -0.01683 -0.70288
   0.01943 -0.01795 -0.66120
   0.02320 -0.01903 -0.61462
   0.02750 -0.02008 -0.56490
   0.03246 -0.02113 -0.51487
   0.03827 -0.02220 -0.46479
   0.04514 -0.02330 -0.41611
   0.05335 -0.02446 -0.36943
   0.06318 -0.02570 -0.32571
   0.07482 -0.02706 -0.28702
   0.08822 -0.02855 -0.25662
   0.10305 -0.03014 -0.23685
   0.11880 -0.03181 -0.22874
   0.13500 -0.03352 -0.23067
   0.15130 -0.03520 -0.23974
   0.16752 -0.03681 -0.25370
   0.18357 -0.03831 -0.26903
   0.19944 -0.03966 -0.28336
   0.21521 -0.04084 -0.29204
   0.23098 -0.04184 -0.29591
   0.24681 -0.04270 -0.29684
   0.26270 -0.04341 -0.29540
   0.27867 -0.04398 -0.29265
   0.29471 -0.04444 -0.28845
   0.31082 -0.04477 -0.28376
   0.32699 -0.04499 -0.27800
   0.34322 -0.04511 -0.27201
   0.35949 -0.04513 -0.26543
   0.37582 -0.04505 -0.25867
   0.39219 -0.04489 -0.25161
   0.40859 -0.04464 -0.24425
   0.42504 -0.04431 -0.23688
   0.44151 -0.04390 -0.22929
   0.45802 -0.04342 -0.22172
   0.47455 -0.04287 -0.21401
   0.49111 -0.04225 -0.20633
   0.50769 -0.04158 -0.19870
   0.52430 -0.04084 -0.19097
   0.54092 -0.04004 -0.18340
   0.55756 -0.03919 -0.17580
   0.57421 -0.03829 -0.16835
   0.59088 -0.03734 -0.16094
   0.60756 -0.03634 -0.15366
   0.62426 -0.03529 -0.14652
   0.64096 -0.03420 -0.13951
   0.65767 -0.03307 -0.13272
   0.67438 -0.03189 -0.12614
   0.69111 -0.03068 -0.11980
   0.70783 -0.02942 -0.11377
   0.72456 -0.02813 -0.10813
   0.74129 -0.02679 -0.10303
   0.75802 -0.02542 -0.09887
   0.77475 -0.02401 -0.08644
   0.79147 -0.02257 -0.06069
   0.80820 -0.02108 -0.03516
   0.82491 -0.01956 -0.01449
   0.84162 -0.01801  0.00095
   0.85831 -0.01642  0.01364
   0.87498 -0.01479  0.02574
   0.89161 -0.01312  0.03876
   0.90815 -0.01143  0.05320
   0.92453 -0.00971  0.06985
   0.94058 -0.00799  0.08881
   0.95598 -0.00630  0.11086
   0.97030 -0.00470  0.13594
   0.98301 -0.00324  0.16350
   0.99383 -0.00199  0.19332
   1.00000 -0.00126  0.20789
